"","f_SCZ","f_BPD","f_MDD","f_ASD","f_ADHD","f_SUD","f_OCD","f_Anxiety","f_AN","f_TIC","f_Epilepsy","f_RA","f_DM1","f_DM2","m_SCZ","m_BPD","m_MDD","m_ASD","m_ADHD","m_SUD","m_OCD","m_Anxiety","m_AN","m_TIC","m_Epilepsy","m_RA","m_DM1","m_DM2"
"f_SCZ",0,0.002,0.0018,0.0127,0.0099,0.0029,0.0044,0.002,0.0151,0.011,0.0034,0.0026,0.0037,0.0193,0.0091,0.0081,0.0034,0.0769,0.038,0.0078,0.0185,0.0056,0.0687,0.0416,0.0098,0.0065,0.0145,0.0055
"f_BPD",0.002,0,0.0012,0.0149,0.0062,0.0022,0.0034,0.0014,0.0106,0.0093,0.0029,0.002,0.0026,0.0124,0.0087,0.0054,0.0026,0.0804,0.0269,0.0063,0.0141,0.0046,0.0583,0.0334,0.0079,0.005,0.0112,0.0046
"f_MDD",0.0018,0.0012,0,0.0123,0.0044,0.0014,0.0023,6e-04,0.008,0.0055,0.0018,0.001,0.0014,0.0066,0.0047,0.0034,0.0013,0.0456,0.0151,0.0033,0.0073,0.0024,0.0309,0.0168,0.004,0.0025,0.0054,0.0023
"f_ASD",0.0127,0.0149,0.0123,0,0.0185,0.0195,0.0235,0.0123,0.0668,0.0428,0.017,0.0164,0.0214,0,0.0591,0.0527,0.0182,0,0.1052,0.047,0.0921,0.0024,NA,0.1634,0.0531,0.0387,0.0841,0.031
"f_ADHD",0.0099,0.0062,0.0044,0.0185,0,0.0075,0.0104,0.0044,0.0271,0.017,0.0088,0.0077,0.0085,0.0539,0.0299,0.019,0.0076,0.1191,0.0278,0.0168,0.0463,0.0091,0.127,0.0878,0.0224,0.0192,0.0485,0.0129
"f_SUD",0.0029,0.0022,0.0014,0.0195,0.0075,0,0.0045,0.0014,0.0119,0.0095,0.003,0.0022,0.0027,0.0125,0.0049,0.0036,0.0014,0.0468,0.015,0.0027,0.0078,0.0022,0.0317,0.0175,0.0042,0.0026,0.006,0.0021
"f_OCD",0.0044,0.0034,0.0023,0.0235,0.0104,0.0045,0,0.0026,0.0147,0.0135,0.0057,0.0037,0.0047,0.0221,0.016,0.0117,0.0046,0.1326,0.0465,0.0121,0.0167,0.0076,0.1015,0.0618,0.0146,0.0091,0.0212,0.0076
"f_Anxiety",0.002,0.0014,6e-04,0.0123,0.0044,0.0014,0.0026,0,0.0086,0.0051,0.0017,8e-04,0.0012,0.0059,0.004,0.0029,0.0011,0.0386,0.013,0.0028,0.0063,0.002,0.1019,0.0139,0.0033,0.002,0.0045,0.0019
"f_AN",0.0151,0.0106,0.008,0.0668,0.0271,0.0119,0.0147,0.0086,0,0.0404,0.0149,0.0113,0.0154,0.0472,0.0636,0.0572,0.0205,NA,0.1906,0.0518,0.0971,0.0441,0,0.2175,0.0584,0.0303,0.0624,0.0446
"f_TIC",0.011,0.0093,0.0055,0.0428,0.017,0.0095,0.0135,0.0051,0.0404,0,0.0074,0.0059,0.008,0.0358,0.026,0.0199,0.0079,0.21,0.0636,0.0189,0.0442,0.0136,0.1888,0.0324,0.0203,0.0133,0.0297,0.0143
"f_Epilepsy",0.0034,0.0029,0.0018,0.017,0.0088,0.003,0.0057,0.0017,0.0149,0.0074,0,0.002,0.0028,0.0141,0.0074,0.0058,0.0023,0.0696,0.0294,0.0056,0.0132,0.0044,0.0514,0.0248,0.0059,0.0038,0.0079,0.004
"f_RA",0.0026,0.002,0.001,0.0164,0.0077,0.0022,0.0037,8e-04,0.0113,0.0059,0.002,0,0.0013,0.0067,0.0085,0.0063,0.0024,0.0775,0.0303,0.0063,0.0142,0.0051,0.0638,0.0271,0.0066,0.0033,0.0086,0.0042
"f_DM1",0.0037,0.0026,0.0014,0.0214,0.0085,0.0027,0.0047,0.0012,0.0154,0.008,0.0028,0.0013,0,0.0056,0.0104,0.008,0.0031,0.1028,0.0398,0.0081,0.019,0.0051,0.0849,0.0341,0.0083,0.0049,0.0072,0.0057
"f_DM2",0.0193,0.0124,0.0066,0,0.0539,0.0125,0.0221,0.0059,0.0472,0.0358,0.0141,0.0067,0.0056,0,0.0038,0.0029,0.0011,0.0366,0.0131,0.0028,0.0063,0.0022,0.0261,0.0129,0.0031,0.0019,0.0041,0.0018
"m_SCZ",0.0095,0.0088,0.0034,0.0963,0.0386,0.0034,0.0189,0.0038,0.1035,0.0361,0.007,0.0083,0.0111,0.0056,0,0.0024,0.0021,0.0161,0.0097,0.0024,0.0051,0.0023,0.0267,0.0115,0.0035,0.0043,0.0054,0.0275
"m_BPD",0.009,0.0057,0.0026,0.0848,0.0257,0.0027,0.0148,0.0028,0.0996,0.0284,0.0059,0.0065,0.0089,0.0043,0.0024,0,0.0014,0.0172,0.0062,0.002,0.0042,0.0017,0.023,0.0092,0.003,0.0033,0.004,0.0168
"m_MDD",0.0051,0.0038,0.0014,0.0396,0.0137,0.0014,0.0077,0.0015,0.05,0.0149,0.003,0.0033,0.0046,0.0023,0.0021,0.0014,0,0.0127,0.0043,0.0011,0.0026,7e-04,0.0142,0.0057,0.0018,0.0016,0.0021,0.0085
"m_ASD",0.0596,0.0566,0.0243,0.1395,0.0894,0.0225,0.114,0.0232,NA,0.1798,0.0426,0.0497,0.0687,0.0363,0.0161,0.0172,0.0127,0,0.0141,0.0154,0.0245,0.0125,0.0913,0.0275,0.0179,0.0228,0.0284,0.083
"m_ADHD",0.0308,0.0213,0.0088,0.1113,0.0277,0.0083,0.0418,0.0078,0,0.0728,0.0218,0.0231,0.0323,0.0118,0.0097,0.0062,0.0043,0.0141,0,0.0051,0.0097,0.0041,0.0547,0.0094,0.0082,0.0113,0.0117,0.0292
"m_SUD",0.0087,0.0068,0.0026,0.0776,0.0226,0.0021,0.0154,0.0025,0.0906,0.0265,0.0056,0.0067,0.0093,0.0035,0.0024,0.002,0.0011,0.0154,0.0051,0,0.0039,0.001,0.017,0.0062,0.0018,0.0018,0.0021,0.0085
"m_OCD",0.0171,0.0125,0.0048,0.1285,0.0492,0.0048,0.0172,0.005,0.1291,0.0515,0.0113,0.0122,0.018,0.0075,0.0051,0.0042,0.0026,0.0245,0.0097,0.0039,0,0.0028,0.0316,0.0103,0.006,0.0058,0.0071,0.0251
"m_Anxiety",0.0044,0.0034,0.0012,0.0364,0.0124,0.0012,0.0068,0.0013,0.0427,0.0127,0.0026,0.0028,0.0038,0.0019,0.0023,0.0017,7e-04,0.0125,0.0041,0.001,0.0028,0,0.0145,0.0051,0.0016,0.0014,0.0017,0.0071
"m_AN",0.0482,0.041,0.0159,NA,0.1182,0.0159,0.089,0.0155,0.1198,0.0127,0.0345,0.0419,0.0553,0.0239,0.0267,0.023,0.0142,0.0913,0.0547,0.017,0.0316,0.0145,0,0.0828,0.0238,0.0221,0.0292,0
"m_TIC",0.0362,0.026,0.0095,0,0.0858,0.0096,0.0583,0.0113,0.0906,0.0326,0.0176,0.0206,0.0274,0.0179,0.0115,0.0092,0.0057,0.0275,0.0094,0.0062,0.0103,0.0051,0.0828,0,0.0065,0.0085,0.0106,0.0383
"m_Epilepsy",0.0108,0.0083,0.0031,0.0949,0.0302,0.0031,0.0181,0.0035,0.1094,0.0294,0.0059,0.0067,0.0092,0.0054,0.0035,0.003,0.0018,0.0179,0.0082,0.0018,0.006,0.0016,0.0238,0.0065,0,0.0025,0.0034,0.0139
"m_RA",0.0082,0.0061,0.0022,0.0698,0.0275,0.0022,0.0128,0.0025,0.067,0.0219,0.0044,0.0039,0.0064,0.004,0.0043,0.0033,0.0016,0.0228,0.0113,0.0018,0.0058,0.0014,0.0221,0.0085,0.0025,0,0.0024,0.0101
"m_DM1",0.0149,0.011,0.0039,0.1202,0.0575,0.0042,0.024,0.005,0.1263,0.0372,0.0073,0.0081,0.0074,0.0085,0.0054,0.004,0.0021,0.0284,0.0117,0.0021,0.0071,0.0017,0.0292,0.0106,0.0034,0.0024,0,0.0076
"m_DM2",0.005,0.0038,0.0013,0.0409,0.0171,0.0013,0.0079,0.0016,0.0443,0.0136,0.0027,0.0029,0.0039,0.0024,0.0275,0.0168,0.0085,0.083,0.0292,0.0085,0.0251,0.0071,0,0.0383,0.0139,0.0101,0.0076,0
