,seed,gen,xAM,rgHE_ADHD.phenotype_ADHD.phenotype,rgHE_ADHD.phenotype_ALC.phenotype,rgHE_ADHD.phenotype_ANX.phenotype,rgHE_ADHD.phenotype_BIP.phenotype,rgHE_ADHD.phenotype_MDD.phenotype,rgHE_ADHD.phenotype_SCZ.phenotype,rgHE_ALC.phenotype_ALC.phenotype,rgHE_ALC.phenotype_ANX.phenotype,rgHE_ALC.phenotype_BIP.phenotype,rgHE_ALC.phenotype_MDD.phenotype,rgHE_ALC.phenotype_SCZ.phenotype,rgHE_ANX.phenotype_ANX.phenotype,rgHE_ANX.phenotype_BIP.phenotype,rgHE_ANX.phenotype_MDD.phenotype,rgHE_ANX.phenotype_SCZ.phenotype,rgHE_BIP.phenotype_BIP.phenotype,rgHE_BIP.phenotype_MDD.phenotype,rgHE_BIP.phenotype_SCZ.phenotype,rgHE_MDD.phenotype_MDD.phenotype,rgHE_MDD.phenotype_SCZ.phenotype,rgHE_SCZ.phenotype_SCZ.phenotype,h2HE_ADHD.phenotype.proband_ADHD.phenotype.proband,h2HE_ALC.phenotype.proband_ALC.phenotype.proband,h2HE_ANX.phenotype.proband_ANX.phenotype.proband,h2HE_BIP.phenotype.proband_BIP.phenotype.proband,h2HE_MDD.phenotype.proband_MDD.phenotype.proband,h2HE_SCZ.phenotype.proband_SCZ.phenotype.proband,rgtrue_ADHD.addGen_ADHD.addGen,rgtrue_ADHD.addGen_ALC.addGen,rgtrue_ADHD.addGen_ANX.addGen,rgtrue_ADHD.addGen_BIP.addGen,rgtrue_ADHD.addGen_MDD.addGen,rgtrue_ADHD.addGen_SCZ.addGen,rgtrue_ALC.addGen_ALC.addGen,rgtrue_ALC.addGen_ANX.addGen,rgtrue_ALC.addGen_BIP.addGen,rgtrue_ALC.addGen_MDD.addGen,rgtrue_ALC.addGen_SCZ.addGen,rgtrue_ANX.addGen_ANX.addGen,rgtrue_ANX.addGen_BIP.addGen,rgtrue_ANX.addGen_MDD.addGen,rgtrue_ANX.addGen_SCZ.addGen,rgtrue_BIP.addGen_BIP.addGen,rgtrue_BIP.addGen_MDD.addGen,rgtrue_BIP.addGen_SCZ.addGen,rgtrue_MDD.addGen_MDD.addGen,rgtrue_MDD.addGen_SCZ.addGen,rgtrue_SCZ.addGen_SCZ.addGen,gamma_ADHD.phenotype_ADHD.phenotype,gamma_ADHD.phenotype_ALC.phenotype,gamma_ADHD.phenotype_ANX.phenotype,gamma_ADHD.phenotype_BIP.phenotype,gamma_ADHD.phenotype_MDD.phenotype,gamma_ADHD.phenotype_SCZ.phenotype,gamma_ALC.phenotype_ALC.phenotype,gamma_ALC.phenotype_ANX.phenotype,gamma_ALC.phenotype_BIP.phenotype,gamma_ALC.phenotype_MDD.phenotype,gamma_ALC.phenotype_SCZ.phenotype,gamma_ANX.phenotype_ANX.phenotype,gamma_ANX.phenotype_BIP.phenotype,gamma_ANX.phenotype_MDD.phenotype,gamma_ANX.phenotype_SCZ.phenotype,gamma_BIP.phenotype_BIP.phenotype,gamma_BIP.phenotype_MDD.phenotype,gamma_BIP.phenotype_SCZ.phenotype,gamma_MDD.phenotype_MDD.phenotype,gamma_MDD.phenotype_SCZ.phenotype,gamma_SCZ.phenotype_SCZ.phenotype,h2true_ADHD,h2true_ALC,h2true_ANX,h2true_BIP,h2true_MDD,h2true_SCZ,prev_ADHD,prev_ALC,prev_ANX,prev_BIP,prev_MDD,prev_SCZ
0,1,0,6-variate,1.0000000000000002,0.008034653440431682,0.010689408031750579,-0.017961572956132422,0.019535025240878755,-0.02195309056725158,1.0000000000000002,0.02966365399416821,-0.020021932873955022,0.026739531162379246,0.02218118410634185,1.0000000000000002,-0.007494411896503384,0.039083295761789635,0.05035164007334871,1.0000000000000002,0.035372099653219795,-0.017324363143947533,1.0000000000000002,0.010069294957429342,1.0000000000000002,0.6408013105392456,0.39123597741127014,0.5800219774246216,0.48812153935432434,0.23505713045597076,0.5820989012718201,1.0,0.00570111050538627,-0.0005658643354579179,0.007784359547491945,0.006995157145535419,-0.009979678216611432,0.9999999999999998,0.009431817159141776,-0.007716426724617352,-0.005745839864508581,0.0015012003997112483,1.0,-0.003056350884548389,0.005428862162380954,0.015133750971264705,1.0000000000000002,0.0003420087171906156,0.004226559639803167,1.0000000000000002,0.006817679311125615,1.0,1.0000000000000002,0.026681604320480837,0.030795605324085033,-0.10134473693248461,0.04142922095047108,-0.11177720109946232,1.0000000000000002,0.09010936053848093,-0.0780577029752344,0.07802506056457076,0.10172882068472205,1.0000000000000002,-0.02601476262484742,0.044967754113992724,0.13867887743727136,1.0000000000000002,0.10464222864875547,-0.025384183909381478,1.0000000000000002,0.0283823948129616,1.0000000000000002,0.6297703713025559,0.4059815789776454,0.5862754945831011,0.4778216017508064,0.2343635399775391,0.6061062617126736,0.097125,0.2905,0.308875,0.024125,0.148875,0.0405
1,1,1,6-variate,0.9999999999999998,0.12345597195547339,0.05748313089942612,0.12261112751790072,0.05387257420612739,0.06891981102094707,0.9999999999999999,0.07431149101976485,0.055337364523803,0.025707994305512356,0.059745240475843606,0.9999999999999998,0.03217680373216947,0.0934390586923723,0.12819854035392647,1.0,-0.00029571682926067696,0.09104196922192105,1.0,0.031128867088955046,1.0,0.7665584683418274,0.42865076661109924,0.6541562080383301,0.5024421811103821,0.26351869106292725,0.6777544617652893,0.9999999999999998,0.054037917565115404,0.03726375390563817,0.04805326389836368,0.0262971721609532,0.025402709327777412,0.9999999999999998,0.034172750429469614,0.018743524973953665,-0.007529413360429893,0.029800928623049654,0.9999999999999998,0.01687946675688991,0.04592407508876552,0.05189389753810564,1.0000000000000002,0.008466050050472653,0.0416049068807769,1.0000000000000002,0.009623144695481199,1.0,0.9999999999999999,0.40997284599972705,0.16560589184532745,0.6918093767987675,0.11425127223936148,0.35091493568889415,0.9999999999999999,0.22573619041384388,0.21573876662405722,0.07501525305925866,0.2740078411405897,0.9999999999999999,0.1116928220100807,0.1075072966207641,0.3530853687343458,1.0,-0.0008748372670321456,0.13339730148631956,1.0,0.08774325872671018,1.0,0.7084610560237559,0.4251684057933136,0.6352639568496866,0.4990985989024787,0.2488033977553529,0.6524211078044393,0.102875,0.29725,0.318625,0.024625,0.14475,0.045
2,1,2,6-variate,1.0,0.1799040381293521,0.10276405651405815,0.0888535266233589,0.09511920040741728,0.11144031582492417,1.0,0.0792558248534995,0.07624373695318226,0.05900199196715045,0.09242362175517534,1.0,0.031060519502351707,0.14997724016277136,0.15361289434192038,1.0000000000000002,0.021546844988599646,0.1488853472091848,0.9999999999999998,0.03952220747270348,1.0,0.8420076370239258,0.4790925085544586,0.7414448261260986,0.5456987619400024,0.27662724256515503,0.7267062664031982,1.0,0.08142482348092324,0.04818734104046651,0.05207246296557874,0.04539418605523147,0.04444811890561113,1.0,0.04601942054321725,0.026875293812032817,0.01819575557825047,0.04497835455116492,1.0,0.015922486090406425,0.05100830784662112,0.07170046692825992,1.0,0.004614724518359194,0.058364750289914696,0.9999999999999998,0.031042385111251274,1.0,1.0,0.5974258262340572,0.29605784167940885,0.5013384254744142,0.20172589304992916,0.5674138448652921,1.0,0.24075558209494433,0.2972446024177466,0.17216600875115612,0.42387975002007294,1.0,0.1078177333630431,0.1725579509830805,0.42308177059837976,1.0000000000000002,0.06374263697946135,0.21815107601799202,0.9999999999999999,0.1114015983897348,1.0,0.7497598506363755,0.4386261048730187,0.6959060819642653,0.508550315686497,0.25022015072196524,0.6893920900024405,0.108625,0.2885,0.3225,0.0255,0.149125,0.045125
3,1,3,6-variate,1.0000000000000002,0.17644406850239355,0.15179631573102154,0.18919226555325072,0.1521321081826967,0.10002685685330982,1.0,0.16050049892258905,0.13657457570310957,0.05840600904556081,0.17629922305903709,1.0000000000000002,0.07483579099258124,0.1579523258266828,0.20460190231348768,1.0000000000000002,0.07421145706636625,0.12227420426139211,1.0,0.14560168531266685,1.0000000000000002,0.9101040363311768,0.4967308044433594,0.8076149821281433,0.5347737073898315,0.2629784941673279,0.7802749872207642,1.0,0.07589721159317854,0.0718296018495894,0.08118626183252962,0.05827738657179458,0.04299909387810326,1.0,0.05864945373632065,0.03821713007412053,0.027634951810453272,0.0763352967649439,0.9999999999999997,0.03333947055110129,0.06632684991789538,0.0961929631338412,1.0000000000000002,0.017731125170350154,0.06481138885307146,1.0000000000000002,0.041934437896732506,1.0,1.0000000000000002,0.5859358759531705,0.4373171915613468,1.0674801507069525,0.32263704680105787,0.5093008975617497,1.0,0.4875527312741004,0.532451030245694,0.17042703877535997,0.8085559085761181,1.0000000000000002,0.2597714638810552,0.18173373432243733,0.5635161254607929,1.0000000000000002,0.21954176048939975,0.17915959941135584,1.0,0.4104087743053601,1.0000000000000002,0.7936084665551774,0.4535967882959306,0.7253768163028127,0.5179911709397105,0.25677920510764213,0.7152873512293677,0.1155,0.28725,0.3215,0.02725,0.151125,0.04925
4,1,4,6-variate,0.9999999999999998,0.1921856735654476,0.20436701408796457,0.1420702518564229,0.177408999171151,0.1651990648783173,1.0,0.16196743659926136,0.08241145917476264,0.06535090711465168,0.23838333995828376,1.0000000000000002,0.06142889588446951,0.20950466903648338,0.23742250770737053,1.0000000000000002,0.0378824915330042,0.14022155674703607,1.0,0.1350195734513067,1.0000000000000002,0.9278278350830078,0.5300161242485046,0.848908007144928,0.5373255014419556,0.27368080615997314,0.8208982348442078,0.9999999999999999,0.080184995260791,0.08672847566958512,0.07769569005218753,0.07923738224796494,0.06991714845006816,1.0000000000000002,0.057557365446634874,0.0417323238893404,0.013657865594981946,0.08495831770909262,0.9999999999999999,0.025785158275172415,0.08115026120953647,0.10918336137223847,0.9999999999999998,0.018127445191411577,0.06455771299320463,0.9999999999999999,0.059191071717033965,1.0000000000000002,0.9999999999999999,0.6382107856435801,0.588770769151979,0.8016033961803637,0.3762434916091022,0.8411340953841248,1.0,0.49200891636064603,0.32129011233277527,0.1906920369421555,1.0932904857255525,1.0000000000000002,0.21323317076132742,0.2410478576983433,0.6539108280660111,1.0000000000000002,0.11206882142058186,0.2054566584688005,1.0,0.38058061762295603,1.0000000000000002,0.8014121494404975,0.4685533176783683,0.7443090954489975,0.5123323359739834,0.25569668269801527,0.7162149745871558,0.117125,0.289125,0.321125,0.024375,0.153375,0.051875
5,1,5,6-variate,1.0000000000000002,0.2392219949874991,0.22640535753551091,0.17558506156255974,0.2151356714338509,0.20695281652141395,1.0,0.1389419534038131,0.10376109651626751,0.11112433537909745,0.21650563549582644,1.0000000000000002,0.09370724475752634,0.2461835927246023,0.2809761478245513,0.9999999999999999,0.10354209480143585,0.1679833143215793,1.0000000000000002,0.21096719227252597,0.9999999999999998,0.9769219160079956,0.5118979215621948,0.8432156443595886,0.5326623320579529,0.3078790605068207,0.8527246117591858,0.9999999999999997,0.11005401782481009,0.09497394308763332,0.08770381593587925,0.09334186734788695,0.08417421036448354,1.0,0.04824211312799527,0.05510794635889755,0.04106017950006851,0.09602604411019745,1.0,0.03707789028896156,0.08913050948459281,0.12173955495294271,1.0,0.0574828433644673,0.0738587882127462,1.0,0.08413206590755823,0.9999999999999998,1.0000000000000002,0.7944088511218822,0.6522618919450709,0.9907040617109836,0.4562529879843939,1.0537293671937185,1.0,0.4220640508046064,0.4045239530197895,0.3242573866983799,0.992953217054946,1.0000000000000002,0.32527843787209043,0.2832491891453405,0.773866586049232,0.9999999999999999,0.30631155642014435,0.24613391595773965,1.0000000000000002,0.594654979795214,0.9999999999999999,0.8150348364399982,0.4666817753373682,0.738038247841949,0.5117204050863803,0.2612664607280926,0.7391990025531868,0.115125,0.28325,0.32975,0.025625,0.1535,0.05225
6,2,0,6-variate,0.9999999999999999,-0.005677934144802861,0.0390452485043758,-0.012565246814102754,0.0003521007198990134,-0.03646916832551123,0.9999999999999998,0.031031211851411673,-0.009400789813522777,0.017962422215216916,0.02703166795187987,1.0,0.01868603977523921,0.024982319563931026,0.005658787522182412,1.0,0.020070313390759455,0.01207195527150841,1.0,-0.04740594104063156,1.0000000000000002,0.8691139221191406,0.4552852213382721,0.5800809264183044,0.604037880897522,0.3122967779636383,0.5561120510101318,1.0,-0.004103833494623895,0.025440117009490757,-0.004732011737319576,0.008848766008619434,-0.00616014642269121,1.0,0.01610791662901215,0.006390513405575421,0.004439439659524361,0.00797856565351802,1.0000000000000002,0.006508195589371819,0.0031400308999521304,0.009461880860456925,0.9999999999999998,0.007689111423896184,-0.0005122959333729003,1.0000000000000002,-0.001205366757254877,1.0000000000000002,0.9999999999999999,-0.01885528831303517,0.11248735536639723,-0.07089694849727743,0.0007467389542681214,-0.18568791249542238,0.9999999999999999,0.09426357603630792,-0.0366498616482775,0.05241384306057064,0.1239745726664322,1.0,0.06486335337556104,0.028743649662058886,0.015585529801653186,1.0,0.05937456519708734,0.017688173525550795,1.0,-0.13362365894129835,1.0000000000000002,0.891947527374839,0.46082042199036455,0.5967413341029247,0.6241833541054514,0.3339626490238348,0.5449342048180467,0.074375,0.293875,0.311,0.02275,0.146375,0.036875
7,2,1,6-variate,0.9999999999999998,0.12702837097630515,0.13143781372074048,0.09183115000329026,0.11578776576598043,0.06324571094645955,0.9999999999999998,0.054034226570293144,0.06103419544316551,0.0527535996572599,0.11328591004592385,1.0,0.0017459629230550608,0.13573262524839505,0.0946028750379314,1.0000000000000002,0.07896784775019766,0.04976164228758624,1.0,0.10144179076361481,1.0000000000000002,1.0198246240615845,0.5360575318336487,0.7054412364959717,0.6568441987037659,0.3375054895877838,0.6057695746421814,0.9999999999999998,0.049124898231244475,0.064719291267412,0.03309214475419518,0.05230674823209389,0.03971286899853749,1.0000000000000002,0.03186088989836248,0.03567431127435102,0.03313481406527931,0.05623477327219605,1.0,0.008729775130281716,0.04217086924720145,0.050646940444835455,0.9999999999999999,0.02776139255119114,0.037648362332966125,1.0,0.04788076415639871,1.0,0.9999999999999999,0.4218361648509524,0.3786654880751839,0.5181392551961702,0.24555909497793665,0.3220244068152396,0.9999999999999999,0.16413988113842243,0.23794843594888476,0.15393337880934907,0.519559960807745,1.0,0.006060553163985597,0.15616865422141707,0.26055606421810135,1.0000000000000002,0.23361277436335615,0.07291219251115015,1.0,0.28593474980320455,1.0000000000000002,1.0189487114150606,0.4914218379040166,0.651410528924095,0.666708629542573,0.33834843765561995,0.5854528790454053,0.08775,0.284375,0.317,0.025375,0.1435,0.042875
8,2,2,6-variate,1.0000000000000002,0.19334063648251126,0.17633480230206172,0.13458871068313047,0.17619638708508573,0.12535908559892692,1.0,0.09605596173686613,0.10209503712871752,0.1444680221760696,0.15922858715189475,1.0,0.07299343482512412,0.24686677337086915,0.16908667694345478,1.0,0.10698123325232796,0.11123293024470393,1.0000000000000002,0.20318774341956383,0.9999999999999998,1.121667742729187,0.5812627673149109,0.7778785824775696,0.7004849314689636,0.3716222643852234,0.6739587187767029,1.0,0.0800273686715718,0.08060940323122129,0.061485630624374385,0.06498953514619954,0.04938797731760321,1.0,0.0418500120928385,0.04021962061441322,0.055231268350502384,0.08327246102746831,1.0,0.03905714382622424,0.08594891029013062,0.07401734316311552,1.0000000000000002,0.03498779943065204,0.059121782614480214,1.0,0.07434641982277711,1.0000000000000002,1.0000000000000002,0.6420460578375207,0.5080112913099116,0.7593904258641524,0.37367187053219125,0.6382834560558508,1.0,0.29178929146885524,0.3980284840455025,0.421553495697794,0.730265579774538,1.0,0.25337629193699124,0.2840351662346603,0.46569972049048297,1.0,0.3164854532031558,0.16298169189859424,1.0000000000000002,0.5727268567089997,0.9999999999999999,1.097972981002577,0.5168739849560214,0.7031956452474263,0.6622498593522134,0.34091478079358506,0.6143250312061347,0.09675,0.28825,0.321875,0.027625,0.154,0.042125
9,2,3,6-variate,1.0,0.19316955905862124,0.18719073928129418,0.1757304798663226,0.16198150283739063,0.12853820614626907,1.0000000000000002,0.09436749189478352,0.1556393583004295,0.14649776944578494,0.21346012337380138,0.9999999999999998,0.11434892721662908,0.2451663555832006,0.21973168664333462,0.9999999999999999,0.16309697717360014,0.15340623282680663,1.0,0.2387201985705373,0.9999999999999999,1.217057704925537,0.588029146194458,0.8286783695220947,0.7195128798484802,0.39928099513053894,0.7163215279579163,1.0,0.08597578904318608,0.08583749260190844,0.07291468798162326,0.07321494581887973,0.050785121851004554,1.0,0.059313763004343927,0.07326835080111947,0.07259991500885832,0.09790734568853086,0.9999999999999999,0.049074793602363734,0.09885040120644392,0.10065904580149702,1.0,0.0641837538124085,0.0764736667376076,1.0,0.09132746376411906,0.9999999999999998,1.0,0.6414778292591548,0.5392867235798804,0.9915247622899811,0.343525314200977,0.6544702704833889,1.0000000000000002,0.28666032413345555,0.6067769232123974,0.4274761393174401,0.9789858846378681,0.9999999999999999,0.3969300724459215,0.2820787661698581,0.6051866377486822,0.9999999999999999,0.48249434536319136,0.22477520713985993,1.0,0.6728825309741241,0.9999999999999999,1.1696928943536715,0.5319980270893008,0.7298712591744126,0.6788494935009685,0.3533341785698717,0.626630476860092,0.105125,0.287875,0.321375,0.02725,0.1465,0.042375
10,2,4,6-variate,0.9999999999999999,0.20051703092288356,0.23126907793598878,0.19632323077071032,0.19654522699080504,0.16672732160412634,1.0,0.11179290981677133,0.21287491448612916,0.1467182798694699,0.22921347745785953,1.0,0.1504360624202543,0.26614454452511166,0.24467931676891122,0.9999999999999999,0.13096323842413643,0.22888130548480004,1.0000000000000002,0.22166271709145574,0.9999999999999999,1.247818112373352,0.6066657304763794,0.8648368716239929,0.7315835356712341,0.36578795313835144,0.6989255547523499,1.0000000000000002,0.10543636376255822,0.09179459051270016,0.09823332682139758,0.09981062243392592,0.06967875121156362,0.9999999999999998,0.05408889982477953,0.09415699123878758,0.07261544585175403,0.10522350519229431,0.9999999999999998,0.05038156635710756,0.12036494210665391,0.1047887507818075,1.0000000000000002,0.055700549143046584,0.09812780250474264,0.9999999999999998,0.10589493181985178,1.0000000000000002,0.9999999999999999,0.6658773958330577,0.6662741931337246,1.1077150435339613,0.4168269152672208,0.8489156845233834,1.0,0.33959355197898733,0.8299162187634865,0.42811940001097526,1.0512348110470282,1.0,0.5221965676714982,0.30621553860014716,0.6738974797205267,0.9999999999999999,0.38743209938586554,0.33536338475099214,1.0000000000000002,0.6248024199695437,0.9999999999999999,1.2059585319370347,0.535148999926613,0.7527133481170342,0.6996368184140032,0.35248429688887883,0.6275711412899879,0.106125,0.280375,0.3245,0.029125,0.15025,0.04325
11,2,5,6-variate,1.0000000000000002,0.2453306348916867,0.17851537067054618,0.24461850817690745,0.1868083370923214,0.1626912894752753,0.9999999999999999,0.1502082021632066,0.22003939080797943,0.1804790864264355,0.25230702256287657,1.0000000000000002,0.15055422815801,0.28430267641030244,0.22969326724608635,0.9999999999999999,0.1767650518816225,0.25424143943485883,1.0,0.21357012870191072,1.0000000000000002,1.2833808660507202,0.6425685882568359,0.9022141098976135,0.7472575306892395,0.378447026014328,0.7716426849365234,1.0,0.1124702937686375,0.08569363363699137,0.10401530601479328,0.07866216429288289,0.0711559964021241,1.0,0.05473701797973666,0.09198378803013904,0.08703988666994397,0.10509834530909476,0.9999999999999998,0.056912950973456895,0.12485067945916922,0.11268738974526761,1.0,0.06689865553397575,0.10714118022415434,1.0,0.08141390216989089,1.0,1.0000000000000002,0.8146944858224704,0.5142934805174822,1.3802118242560915,0.3961772699975546,0.8283655019044461,0.9999999999999999,0.456287913140148,0.8578476259237655,0.5266325022536374,1.1571480541432702,1.0000000000000002,0.5226066838685475,0.32710751221813933,0.6326229459651516,0.9999999999999999,0.5229288621455176,0.3725218118493582,1.0,0.6019918594989253,1.0000000000000002,1.2151814996993064,0.5430775175955709,0.761233204937003,0.6971717883616955,0.3467125945245581,0.6539575614624603,0.110125,0.2905,0.3225,0.025125,0.151625,0.049125
12,3,0,6-variate,0.9999999999999999,-0.010153768260920215,-0.04425572872191883,-0.004459993160384998,0.05895365827187951,-0.05440087566911939,0.9999999999999998,0.03649608774905149,-0.01914774056420686,-0.021481371964329768,0.037784789637998126,1.0000000000000002,0.015878468760257988,-0.061060719963797146,0.03428225383479294,1.0,0.012348432329838873,-0.02159840354756817,0.9999999999999998,-0.05326451906294393,1.0000000000000002,0.7763043642044067,0.387593537569046,0.4308571517467499,0.6322115659713745,0.35509735345840454,0.5672031044960022,1.0,-0.01580747303097242,-0.029355901681871632,-0.01196778326734588,0.014575605392262329,-0.026269462507612154,1.0,0.01562103032684951,0.007834655531154203,0.013853811494874742,0.007104185127878304,1.0,0.021013009905663092,-0.014603915921896575,0.0104380696262251,1.0,-0.016856092695305976,-0.013485949950759543,0.9999999999999998,-0.008932072005347957,1.0,0.9999999999999999,-0.03371870958296241,-0.12749846623997527,-0.025164733664664467,0.12502707867239696,-0.2769897655343704,0.9999999999999999,0.1108641715561194,-0.07464958236046647,-0.06268204337533105,0.1732912323723192,1.0000000000000002,0.05511768484272754,-0.0702540373790118,0.09442049952465194,1.0,0.036530624806376207,-0.03164662014095831,0.9999999999999999,-0.15013709617038953,1.0000000000000002,0.7805824291169711,0.3628930947907048,0.42702319016923135,0.6331697611797159,0.35099757039154006,0.5706552327192854,0.0865,0.29925,0.30725,0.025375,0.15475,0.0415
13,3,1,6-variate,0.9999999999999998,0.02409129277405115,0.08947332507039316,-0.008645607905238035,0.15743595656942394,0.05095695153037106,0.9999999999999999,0.0835134233029377,0.050068875832173745,0.053787066882083574,0.076137315775477,1.0000000000000002,0.02833586947107104,0.07742186775481372,0.07025150321707489,1.0,-0.0064592550292089474,0.06195188861095372,1.0000000000000002,0.03153623390149875,1.0,0.9032998085021973,0.41708773374557495,0.48196324706077576,0.6752530932426453,0.3996157646179199,0.61152583360672,0.9999999999999999,0.019796066720756966,0.03363479502328359,0.005976187054606958,0.06200356210766739,0.019568654228564294,0.9999999999999998,0.03184677538531286,0.03604719933497431,0.016682491607999103,0.04418976663226405,1.0,-0.0013972103768385602,0.027829035162291165,0.03712510544634748,0.9999999999999999,0.017261534743792748,0.04317653762661742,1.0,0.019289314934475523,1.0000000000000002,0.9999999999999999,0.0800023408242638,0.25776799963418834,-0.04878124659770629,0.3338852836171757,0.2594545608876754,0.9999999999999999,0.25368892289747874,0.1951990694614189,0.1569490969588347,0.34918642942907246,1.0000000000000002,0.09835998381458916,0.08907858492800644,0.19348715344597764,1.0,-0.019108602009107113,0.09077371597564156,1.0000000000000002,0.08889147138487437,1.0,0.8941975583883999,0.3884354016090696,0.45541677201372166,0.6580711516533282,0.36548306502219513,0.6046137894295119,0.10475,0.3075,0.3145,0.0275,0.15,0.044
14,3,2,6-variate,0.9999999999999999,0.06289370549364894,0.1483260652695453,0.06053648253123521,0.2235415368601054,0.12259808782183583,1.0,0.11054802386210355,0.09068660312759891,0.06299352386774104,0.13895694219725543,0.9999999999999998,0.009272970108232883,0.14986251157954994,0.1369918927395472,1.0000000000000002,0.022676376277854748,0.1273368555866049,1.0,0.052987954048278094,1.0,0.9899716377258301,0.4108543395996094,0.5275225639343262,0.6968525648117065,0.4287894368171692,0.6881921887397766,1.0,0.03766766163333157,0.07329708804761993,0.020676457546766374,0.09554563310802913,0.05186986320767426,1.0,0.03264580752619996,0.05088645783206764,0.0442392030852864,0.06641685157311657,1.0,-0.00012799710267992844,0.07074442882786754,0.07203734904819212,0.9999999999999999,0.025581978748524217,0.06835034236960058,1.0,0.04060268718524717,1.0,0.9999999999999999,0.2088575325548363,0.4273196910696896,0.3415651972174474,0.47407989524632926,0.6242254039886229,1.0,0.33581198366273435,0.35355177440239244,0.1838130762044313,0.6372942606476695,0.9999999999999999,0.032188451759997606,0.17242589379678805,0.3773040509034918,1.0000000000000002,0.06708423189006296,0.18657768758923787,1.0,0.1493575675276317,1.0,0.95485444894918,0.398772521506856,0.4792002339324926,0.6780211356151026,0.3774495207805957,0.6448701409800858,0.105125,0.302375,0.31325,0.030625,0.152,0.043125
15,3,3,6-variate,0.9999999999999999,0.08974654883305488,0.1734772495960313,0.12254210145618599,0.22227781776327551,0.1819432165516158,0.9999999999999998,0.1358891207834533,0.14432285715051577,0.08767644035774878,0.11308588643716183,1.0,0.06750553291774479,0.1911174354963678,0.16786314971897653,1.0,0.10578489777018467,0.18384679729080594,1.0,0.13000361406603736,0.9999999999999997,1.1257576942443848,0.42524054646492004,0.5432663559913635,0.6888149976730347,0.4282519519329071,0.7615174055099487,1.0,0.048452990735453894,0.08402773240191795,0.05449582353042444,0.09734650869338336,0.07783579464463487,0.9999999999999998,0.051909120500491956,0.07246015939131796,0.04647193852219694,0.05543148885005738,1.0,0.03133680199917659,0.0780513762366206,0.08242503643546775,1.0,0.043807291977814466,0.0870538978450775,0.9999999999999998,0.05112671070385538,0.9999999999999999,0.9999999999999999,0.29803053336540875,0.49977893236159243,0.6914197076073253,0.4713998875661653,0.9263893081896493,0.9999999999999999,0.4127907086586264,0.5626585473514318,0.255837067342001,0.518642358574444,1.0,0.23432648954834218,0.21989215664525386,0.4623298975308203,1.0,0.3129462847536649,0.2693775339651843,1.0,0.36644241550605094,0.9999999999999999,1.0439484613267382,0.39493814393896687,0.5001797502873487,0.676878403457157,0.37889120376077595,0.6814760131547041,0.115125,0.307375,0.327125,0.02725,0.149125,0.048875
16,3,4,6-variate,1.0,0.13281026717217684,0.2177602123769876,0.15161729921991574,0.19330339456560272,0.20830717220743836,1.0,0.12306408785002906,0.14444047376326016,0.1528837796321531,0.1391809325051122,0.9999999999999999,0.09454636529205929,0.16994754887729982,0.19806807865205164,0.9999999999999998,0.13414244322344246,0.22690071512459992,1.0000000000000002,0.18836223863080265,0.9999999999999998,1.196837067604065,0.44844239950180054,0.5926112532615662,0.7378426194190979,0.44121110439300537,0.8001458048820496,1.0,0.06350303333755176,0.09567862178176441,0.05274375634150287,0.0908126681499996,0.08264902095318064,0.9999999999999998,0.05066851434823615,0.06398652003464057,0.06014922906755375,0.0763838118171747,1.0000000000000002,0.04605254187978788,0.07241486201408709,0.08971147834654734,1.0000000000000002,0.0630393233829596,0.10633032350921406,1.0,0.08983257122856245,0.9999999999999999,1.0,0.4410366679199137,0.6273558267448709,0.855470703417742,0.4099519183439665,1.060625337150789,1.0,0.3738320326623778,0.5631169812374489,0.44611023368900066,0.638321347912615,0.9999999999999999,0.32819117070084736,0.19553501977237903,0.5455204490705464,0.9999999999999999,0.39683711626976664,0.33246142808222406,1.0000000000000002,0.5309381735799678,0.9999999999999999,1.0887653165133964,0.40148342456987945,0.5228539286218357,0.6928436269370466,0.3811284769896236,0.6961686199197742,0.12225,0.306875,0.329375,0.02875,0.15525,0.050125
17,3,5,6-variate,0.9999999999999998,0.19809977670305423,0.22191839769181973,0.14170430361224523,0.21210200997676076,0.2166501106939723,0.9999999999999998,0.1896737102322467,0.12867467114468611,0.19725558937893478,0.21223151107758037,0.9999999999999999,0.16289017718964893,0.20863089332269405,0.21792398497400736,1.0,0.12122022878697108,0.22459410177001385,1.0,0.2027926863196278,1.0000000000000002,1.2104840278625488,0.4646468758583069,0.6145645380020142,0.7602335214614868,0.42344406247138977,0.8288242816925049,1.0000000000000002,0.08766397301316425,0.10629759806036627,0.05744253900354081,0.09506193510518762,0.09533875605921004,0.9999999999999999,0.050072417161671656,0.05099066778716695,0.0746149005272688,0.09150979176497358,1.0,0.06004528013863502,0.07494915000352281,0.10336704873750353,1.0,0.047244051585679764,0.10756639549841712,0.9999999999999998,0.08876518995498553,1.0,0.9999999999999999,0.6578502850976036,0.6393353895969022,0.7995387523644001,0.44981935067441564,1.1031044283674774,0.9999999999999999,0.5761724312795675,0.5016523735156179,0.575585829222862,0.9733511416366919,0.9999999999999999,0.565427645096768,0.240042492013634,0.6002078524308933,1.0,0.3586090515307538,0.32908176712607623,1.0,0.571613573664206,1.0000000000000002,1.1105549778197608,0.40435133091631553,0.5291296807364524,0.7109365051256291,0.3836882407022086,0.7310262573519453,0.12025,0.307625,0.331,0.03025,0.147125,0.052125
18,4,0,6-variate,0.9999999999999999,0.040894301130737054,-0.015918947051390762,0.04522714535897551,-0.0023794574032184744,0.022028806492101826,1.0,0.010833150108001632,0.028247366834375003,-0.00448204753916521,-0.008033289361624141,1.0,-0.02377852350497835,0.029335590464315345,0.039513503941764665,1.0,0.01604491716548857,-0.026223201183906267,0.9999999999999998,0.015514865247241166,1.0,0.5916512608528137,0.3238980174064636,0.5530142188072205,0.6448580622673035,0.3042849898338318,0.6166044473648071,1.0,0.014967700787475627,0.0012962867773659453,0.004806347331379358,-0.003127696874213556,0.017777738500048296,1.0,0.004978523379082723,0.014173397056395864,0.002526981418577001,-0.008236111538677636,1.0,-0.013903222305737635,0.005635523129825225,0.009149664114991829,1.0000000000000004,-0.0006552193333840857,-0.014191052746617121,1.0,0.011755459214663803,1.0000000000000002,0.9999999999999999,0.13580179499726966,-0.04586171903500626,0.25518523901917356,-0.005046200754488117,0.11216267960304983,1.0,0.032907919119419364,0.11012550400820013,-0.013078466925724123,-0.036842669857443604,1.0,-0.0825404812357648,0.0337523906140452,0.10882835866905355,1.0,0.04746607520104376,-0.038422955323492415,0.9999999999999999,0.04373188579372578,1.0,0.5994624464589017,0.34704457591623306,0.5390577407683611,0.6291950931050859,0.29626258362778723,0.5968411408433822,0.088,0.28,0.32175,0.0265,0.15425,0.046
19,4,1,6-variate,1.0,0.11767253216311804,0.08694383228151879,0.06374334955943836,0.08743332569745117,0.09659612692815624,1.0,-0.03638509121388224,0.04283832101706912,0.07294738855095148,0.08383134555589634,1.0,0.006061067240361604,0.08622057354478596,0.12690179978631197,0.9999999999999998,0.02237695684051456,0.1084787233715635,0.9999999999999998,0.06429894103504638,0.9999999999999999,0.6763235926628113,0.37382814288139343,0.6141732335090637,0.6982672214508057,0.3252778649330139,0.6791003346443176,1.0,0.04251654561810691,0.02500125908102209,0.03567187955583533,0.04128223187916787,0.03937824599348702,0.9999999999999998,-0.011594966778204154,0.03157865131135241,0.01906098609921426,0.029083518004599223,1.0,-0.0056769626051742855,0.04272102649433212,0.04862634541339652,1.0,0.008769037908171124,0.043098354611369113,1.0000000000000002,0.03455213262248909,1.0000000000000002,1.0,0.3907673433136183,0.25048066405898467,0.3596592525697095,0.1854258291979925,0.49183287563382133,1.0,-0.11052713723327352,0.1670098503416502,0.21285829927545055,0.3844731927672812,1.0,0.021039286355038534,0.09920202087679329,0.3495139080390719,0.9999999999999999,0.06619845218366394,0.1589462124629543,0.9999999999999999,0.18124002699314354,0.9999999999999999,0.651700684178746,0.36806104906470194,0.5901814065658554,0.6569278437472136,0.2984475543332747,0.6433315837607962,0.092875,0.287625,0.327875,0.03,0.151875,0.047
20,4,2,6-variate,1.0,0.1688454691697756,0.09442298411033292,0.1558718106890134,0.16819516262810852,0.16636312785900562,0.9999999999999999,0.00982948665417406,0.12235931405029996,0.09628721443657018,0.09608542669585204,1.0,-0.00814701013464897,0.09794664242783604,0.16584671177254942,1.0000000000000004,0.12359377847881527,0.12043289165785544,0.9999999999999998,0.18653015436311077,0.9999999999999999,0.7648656368255615,0.38777318596839905,0.6799012422561646,0.6911687254905701,0.33231690526008606,0.734997570514679,1.0,0.08437493925583146,0.04556818765038493,0.06443120533346831,0.05921498832577192,0.07128640887777551,1.0,0.007428130214621474,0.04985044619438749,0.04423764422984001,0.050930674053350264,1.0,0.0012046033307355388,0.03188214685899501,0.07425782117008417,0.9999999999999999,0.03783097265010701,0.06595952210712742,1.0,0.06440701881211172,0.9999999999999999,1.0,0.56070231819512,0.2720275864695509,0.8794761527702128,0.35670304209152,0.847061259613728,0.9999999999999999,0.029859131708928552,0.4770312216739097,0.28096323296022035,0.4406737505885087,1.0,-0.0282800331164094,0.11269356637519186,0.4567762991737917,1.0000000000000002,0.3656309124025488,0.17646167708487412,0.9999999999999999,0.5257739702796603,0.9999999999999999,0.7061473023741035,0.3671408347723139,0.6260847561640961,0.6501257793181494,0.30642295372443934,0.6873559832579992,0.1005,0.285125,0.31575,0.0265,0.14375,0.051875
21,4,3,6-variate,0.9999999999999999,0.20641881090506822,0.14604781190148522,0.177716475698756,0.20396784839272317,0.24479091346908932,1.0,0.021108862930606345,0.12584929789864052,0.12812288297931043,0.1333361108716372,1.0000000000000002,0.02600318402839084,0.14493678294822895,0.22381489701211216,0.9999999999999999,0.08235374858362404,0.20383747645943426,0.9999999999999999,0.2111507984668198,1.0,0.7997969388961792,0.40796300768852234,0.7116154432296753,0.6983159184455872,0.3332642614841461,0.7630867958068848,1.0000000000000002,0.09628704768469325,0.06534448525140991,0.07391470756569725,0.08909044786037713,0.10471533395253466,1.0000000000000002,0.007014219860544182,0.04606347507274896,0.04349945615553106,0.056748519103935864,1.0,0.019124676693618996,0.06217811802465572,0.10786701736235509,0.9999999999999998,0.032529265691864304,0.08938615161077956,0.9999999999999998,0.08051649599778485,1.0000000000000002,0.9999999999999999,0.6854760702016622,0.4207561313915159,1.0027301508479987,0.43256870420044236,1.2463871643904845,1.0,0.06412239431567517,0.49063724922204466,0.3738586879807093,0.6115152335435707,1.0000000000000002,0.09026274584630373,0.1667585620127645,0.6164325902753762,0.9999999999999999,0.24362930861555532,0.29866848016157993,0.9999999999999999,0.5951723455239197,1.0,0.7330210642189636,0.3801192739375556,0.6448791834717847,0.6637668825055982,0.3070053632971167,0.7002586281094801,0.103875,0.286125,0.317625,0.026375,0.144125,0.048625
22,4,4,6-variate,1.0,0.1255133900864538,0.171136124270418,0.17906719706216057,0.21674521804865238,0.24774669364073912,1.0000000000000002,0.05549491810735777,0.08241151339770346,0.1005982850276528,0.15947044500664767,1.0,0.0653789652858168,0.1756978282774364,0.2744036576778743,1.0000000000000002,0.10333737291624603,0.22447932721534225,1.0,0.20446142262764447,0.9999999999999998,0.8229115009307861,0.4263264238834381,0.7622976303100586,0.6894431114196777,0.3640371561050415,0.8308614492416382,0.9999999999999999,0.07073537534995487,0.08043696573391756,0.08147367786211558,0.103776774772708,0.11143065817633059,1.0,0.017747547131622278,0.04419916810406014,0.037259230844813473,0.06709842546668261,1.0,0.02670317014626384,0.08349371206727436,0.13570325603992842,1.0000000000000002,0.04244213537184069,0.10518329207512762,1.0,0.08225088624833357,0.9999999999999998,1.0,0.41680508681553785,0.4930341637206852,1.01035155462447,0.45966652204338737,1.2614369455021877,1.0000000000000002,0.16857716577715434,0.3212903500890856,0.29354266289641534,0.7313745896622643,1.0,0.22694474585605576,0.20215104853055857,0.7557644819010814,1.0000000000000002,0.30570589597034187,0.3289135988448451,1.0,0.576317036406944,0.9999999999999999,0.7345064525336413,0.39090021891829124,0.6689302144237846,0.6645421783612127,0.30926997841949155,0.729212648992846,0.1045,0.285625,0.325125,0.026,0.156,0.05825
23,4,5,6-variate,0.9999999999999998,0.2101115067357295,0.1610285477859954,0.2311670617010264,0.24098501447340498,0.2704131167840857,0.9999999999999998,0.08887568600003454,0.1317029495276732,0.08728389012221079,0.1931528534394896,1.0,0.095411900766373,0.19001942790063336,0.2784003568436467,1.0000000000000002,0.11801400170483248,0.22053059801744995,1.0,0.17319289921792658,1.0,0.8677342534065247,0.428717702627182,0.7824355363845825,0.7498855590820312,0.35570213198661804,0.8351295590400696,1.0000000000000002,0.10740639954606804,0.08118378940323911,0.0983417309404826,0.10949224760707231,0.1172297703848683,1.0,0.019178270195325593,0.05900390619672634,0.04841648641231959,0.08966783831644318,0.9999999999999998,0.03107509401436935,0.09903486470507267,0.13067514578991427,0.9999999999999998,0.06275990442389258,0.1158786256491461,1.0000000000000002,0.09132318274503629,1.0,0.9999999999999999,0.6977388713344046,0.46391476693299055,1.3043146829574772,0.5110736426979304,1.3768462315673373,0.9999999999999999,0.2699777759219551,0.513458145266346,0.2546916893469393,0.8858513259395485,1.0,0.33119563416933345,0.21862887074830162,0.7667723742352829,1.0000000000000002,0.3491239743125222,0.3231277224149103,1.0,0.4881801116081915,1.0,0.7606546811067224,0.3969262206941183,0.6933337973837439,0.6734091808354429,0.3151795536248787,0.7370753123760374,0.104375,0.29475,0.321125,0.026875,0.1605,0.0525
24,5,0,6-variate,1.0,-0.0042433682890444125,0.0064844342954920265,-0.0167053070105037,0.014840992255978897,0.0003149339316092802,1.0000000000000002,-0.012360046092971207,-0.018098521518942978,-0.024539650483291285,-0.01570725634307801,0.9999999999999999,-0.03688036234120253,0.012284639303891618,-0.005362731787158932,0.9999999999999998,0.04414103781369964,-0.027018382681882343,1.0,-0.016713668152597113,0.9999999999999999,0.6577275991439819,0.40630513429641724,0.5972707271575928,0.6349375247955322,0.25310808420181274,0.5626040697097778,0.9999999999999999,0.003454710398910933,0.002463782411158856,-0.01840681560255092,0.00026668254360051147,-0.0034688204404303372,1.0000000000000002,-0.002369963579580097,-0.00755864997808837,-0.013312526943511723,-0.016457654359799585,1.0000000000000002,-0.006609057966981194,0.011328673006561416,-0.0011162197379245482,1.0,-0.011302683568271429,-0.01915683378301405,0.9999999999999998,0.01216437776639678,0.9999999999999998,1.0,-0.014091371175132554,0.01868124736104398,-0.09425648262469431,0.03147440951733642,0.001603578023530241,1.0000000000000002,-0.03754622069941027,-0.07055907232658928,-0.07160596456775384,-0.07203781377370574,0.9999999999999999,-0.12801990011934838,0.01413421053334151,-0.01477009991901098,0.9999999999999999,0.13058372591144074,-0.03958809463265914,1.0,-0.047111011107498976,0.9999999999999999,0.6605371113365832,0.394082021915379,0.6013155959400961,0.6171625145754208,0.24677178317515513,0.5773326513814855,0.087125,0.30125,0.311875,0.025125,0.14475,0.044625
25,5,1,6-variate,0.9999999999999998,0.07443262844799127,0.1262760066003508,0.06227523918657441,0.02733460603159335,0.058661810648918976,1.0,0.06188402805502236,0.08527079031999368,0.015241508180034483,0.0926843326501719,1.0000000000000002,0.03885660207393906,0.07832154561045265,0.08977838843704902,1.0,0.02079205501473398,0.03850450976519307,1.0000000000000002,0.03979725367848136,1.0,0.7754931449890137,0.46504560112953186,0.6760450601577759,0.6291890740394592,0.26843196153640747,0.6485580801963806,1.0,0.024830815415485045,0.050951262521847576,0.02772496834089838,0.03915055892546062,0.0368921157407237,1.0,0.004063388949518671,0.035161558655880595,0.014911000027848797,0.02734404873729536,1.0000000000000002,0.009598918869955793,0.03631763981878552,0.03502106395967791,1.0,0.01923310829156209,0.024777916711974133,1.0,0.027144540087519858,0.9999999999999998,0.9999999999999999,0.24717609853402872,0.36379453694387737,0.3513758799640391,0.05797040456318812,0.2986848579909377,1.0,0.18798529979330458,0.3324374197019764,0.044474227996268975,0.4250754760185874,1.0000000000000002,0.13487987740628624,0.09011369946001081,0.2472683794246386,1.0,0.06150976724173595,0.05641795778649127,1.0000000000000002,0.11217678708247826,1.0,0.7414123448203955,0.43436607269252003,0.6757113182828889,0.6074961397702839,0.2512019365468814,0.6300679387086989,0.091375,0.29875,0.315375,0.02775,0.144,0.05175
26,5,2,6-variate,1.0000000000000002,0.08179488149406984,0.20297274402499615,0.15475646422387043,0.14013565672835288,0.14333870296765353,1.0,0.04004944541285823,0.10763000317780942,0.0470707945775807,0.10976112447722354,1.0,0.03878005687280231,0.13410094482996465,0.1572951154291828,1.0,0.11297316557556994,0.15386282474140656,1.0,0.17408548018980718,1.0,0.8304951786994934,0.4932006001472473,0.747259259223938,0.6575395464897156,0.2710804045200348,0.710726261138916,0.9999999999999999,0.03841745140733426,0.08218213773781288,0.07082073946771485,0.07737816585413128,0.07932479557968947,1.0,0.016898485948372014,0.053014805833511036,0.030130613301428282,0.06993660467324933,0.9999999999999999,0.02278428864918404,0.04788680303526819,0.06746796381576069,0.9999999999999999,0.05018385718594575,0.06556589869627305,1.0,0.05732963965727445,0.9999999999999999,1.0000000000000002,0.2716245908459516,0.5847538533237484,0.8731826865055148,0.29719534540378517,0.7298293106980475,1.0,0.12165826402546683,0.419607336510145,0.13735112171073047,0.5033942200015358,1.0,0.13461406455381628,0.15429130818696166,0.43322342748749715,1.0,0.33421161582003106,0.22544425063205473,1.0,0.49069623899145415,1.0,0.7754617461025299,0.45641174700895826,0.6976204835893913,0.6295462241649507,0.2572165744654821,0.6510876065986182,0.09425,0.302625,0.317875,0.025625,0.142875,0.048625
27,5,3,6-variate,1.0000000000000002,0.14025757835820388,0.2065627811178177,0.17481506508330263,0.21732515341237563,0.24221865592541586,1.0,0.11635137572675261,0.18356251896161327,0.11277551807488535,0.16989474000828556,1.0000000000000002,0.09766863641486907,0.18819329267996643,0.19912125984772608,0.9999999999999998,0.09730479265347973,0.17872528601338158,1.0000000000000002,0.15760286306127286,1.0000000000000002,0.8952885270118713,0.5156858563423157,0.7635474801063538,0.659334123134613,0.2779093086719513,0.7656499147415161,1.0,0.06715351421102295,0.0930047581017767,0.09227546392335786,0.09502129524766983,0.11227300037440818,0.9999999999999998,0.03378366347613931,0.07929081664776172,0.05947832370223672,0.07680018718134682,1.0,0.03624609445093568,0.07336556727761435,0.0960602809858195,1.0,0.045901556764742855,0.08421569283944196,1.0000000000000002,0.06585565338082408,0.9999999999999999,1.0000000000000002,0.4657676439888151,0.5950965623100547,0.9863595151296308,0.46089643093850674,1.233290164352106,1.0,0.35344081324522403,0.7156386519878208,0.32907562864838563,0.7791831646290254,1.0000000000000002,0.3390292585731314,0.2165278050536793,0.5484214624210235,0.9999999999999999,0.2878594382486258,0.2618734092124099,1.0000000000000002,0.4442364556072729,1.0000000000000002,0.8092827273264122,0.47885587564490484,0.7070025873115144,0.6402849020718752,0.2625126631748398,0.681279829681582,0.09825,0.306125,0.3185,0.0265,0.15375,0.05525
28,5,4,6-variate,1.0000000000000002,0.22225064167844233,0.2086359736331564,0.23188957090287157,0.23047699350365958,0.24015568933634882,1.0,0.0988851867852576,0.17501288998754888,0.22815075563618684,0.18228820365620874,0.9999999999999998,0.09381759184647419,0.19378642838863674,0.16544012151012663,1.0,0.1806884319249064,0.20357869110092852,1.0000000000000002,0.18714832873481085,1.0,0.9518899321556091,0.5406453013420105,0.8258104920387268,0.6756065487861633,0.3086133599281311,0.8226641416549683,1.0,0.09849796101595358,0.09707627017811139,0.1020323047509537,0.114138447011517,0.11537804069040751,1.0,0.04688824468861163,0.06636043839301986,0.0698371055894742,0.08393496834070258,1.0,0.03720800711245543,0.08716332280474307,0.09949075010314466,1.0,0.0780588151754727,0.07582867925355584,1.0,0.07659158398016395,1.0000000000000002,1.0000000000000002,0.738050475169532,0.6010693698696369,1.3083912990359272,0.4887885029537057,1.2227862059322745,1.0,0.30038380293361017,0.682307081164957,0.6657369876521281,0.8360229362748843,0.9999999999999999,0.3256613343561072,0.2229630493268495,0.45565640720704903,1.0,0.5345357877892606,0.2982893596368044,1.0000000000000002,0.5275165510035563,1.0,0.8352770978303223,0.4877248685611567,0.7469212614597921,0.6348331464281622,0.2659878565463157,0.7238568862775094,0.101875,0.305125,0.315125,0.02825,0.147875,0.052625
29,5,5,6-variate,1.0,0.22521616245144715,0.26862351019240976,0.2549569283703016,0.29960624788106005,0.27628508563693266,1.0,0.11137008431262492,0.1849636448457638,0.14377572078321668,0.24535740350891633,1.0,0.15420059691189056,0.21947949948953097,0.2674153064731709,0.9999999999999998,0.19081171995667753,0.22573845637448395,1.0000000000000002,0.22301301019109016,1.0,1.027819275856018,0.5539442300796509,0.8769489526748657,0.6782334446907043,0.3056153953075409,0.8390772342681885,1.0,0.10445418562918815,0.12021872382616822,0.11188112508401558,0.12048042705282878,0.11980169101358627,0.9999999999999999,0.054644858511473174,0.08352831520649204,0.07162789719578394,0.1040341676289582,1.0,0.051812347720830765,0.09662641852821281,0.12309508046646171,1.0,0.08116501846113548,0.09499825178613316,0.9999999999999999,0.08317921040163326,1.0,1.0,0.7478985848739622,0.773890184501988,1.4385444276818444,0.6353957315801968,1.4067448551519708,1.0,0.3383091340757793,0.721101136995637,0.4195331412762284,1.125275020466299,1.0,0.5352642267031505,0.25252448995458293,0.7365174556461436,0.9999999999999999,0.5644834988015673,0.33075851114986565,1.0000000000000002,0.6286087513808052,1.0,0.8670030203610456,0.49129565144576354,0.760248626424858,0.6426840316052926,0.26410619752750386,0.7381514590909903,0.105375,0.310875,0.316625,0.027625,0.143375,0.057375
30,6,0,6-variate,1.0000000000000002,0.057193873203678934,-0.022051595869337373,0.0004135798341080326,-0.03640651741390724,-0.023478991181294956,1.0,0.03481601701320925,0.06105402050420471,0.013791091164071657,0.013517409117800928,1.0,-0.02318101491373822,0.004632208440117965,0.0038147689719555023,1.0,0.04137275658387951,-0.029687317057676656,0.9999999999999999,0.016334035869667026,1.0000000000000002,0.5810678005218506,0.46062159538269043,0.5877417922019958,0.7196323275566101,0.24939101934432983,0.6372151374816895,0.9999999999999999,0.019809182098072413,-0.011884593659220906,-0.0005321554341332009,-0.008150458367718043,-0.008590334259800393,1.0000000000000002,0.020365378166576846,0.024048783084131258,0.0015236471221011752,0.011178472171405445,0.9999999999999998,0.0029326699307375696,-0.0019148046761630845,-0.002617768402446993,1.0,0.01774705493587551,-0.008337896681262554,1.0,0.023202658979252718,1.0,1.0000000000000002,0.1899294882590498,-0.06352959926731763,0.0023333798448759817,-0.0772097846824069,-0.11954655406280955,1.0,0.10576063208469129,0.2380257498426822,0.04024190169573563,0.06199450884759142,1.0,-0.08046634229948534,0.005329598572633356,0.010506585301622497,1.0,0.12239418712654757,-0.0434987195299824,0.9999999999999999,0.04604093546231597,1.0000000000000002,0.6009099531248437,0.45490529427826665,0.5679957775029237,0.7203704392367647,0.24244850744867516,0.6373613858274191,0.078375,0.283125,0.321125,0.025375,0.1395,0.045625
31,6,1,6-variate,1.0,0.043934628958218626,0.05164578189755063,0.04848136413316381,0.03321015776385618,0.07456644827473945,1.0000000000000002,0.11269798048379431,0.08749425447018773,0.04622457178034922,0.10301952639636298,0.9999999999999999,0.047869868159950334,0.041159314539632466,0.06007017835424138,1.0,0.08460105329217628,0.09187205847074824,1.0000000000000002,0.07594492426200357,1.0,0.6737501621246338,0.5118066668510437,0.6660031080245972,0.7749043107032776,0.2775454819202423,0.7185581922531128,1.0000000000000002,0.024216237035503862,0.030763098047940994,0.03158215394098427,0.0034496935259783613,0.038112055911138615,0.9999999999999999,0.04448320808796256,0.03111477692575813,0.015561704577222857,0.05601615433564494,0.9999999999999999,0.022070737997534066,0.031063411565043303,0.03379239936060328,1.0000000000000002,0.03691394171425153,0.038175137807856925,1.0,0.03697577277745495,0.9999999999999999,1.0,0.14589824760792267,0.14878874679302448,0.2735465333977251,0.07043103844872987,0.37966563876818527,1.0000000000000002,0.3423428482394922,0.34110580306150307,0.13488182686973985,0.4724753726465386,0.9999999999999999,0.16616677563913532,0.047356283519241975,0.1654457298467643,1.0,0.2502777600752249,0.134613586664079,1.0000000000000002,0.21406661328056728,1.0,0.6745029608210562,0.4777498273050117,0.6302641591922121,0.7391638331058638,0.25240067199381655,0.6807785105832981,0.093125,0.28975,0.3275,0.027,0.140875,0.046625
32,6,2,6-variate,1.0,0.12601314045792558,0.15137865872900597,0.13918222034220853,0.09823390187329556,0.1416931567770624,1.0,0.1003713647949169,0.14175848681201422,0.032560199519825174,0.1260590761371037,1.0000000000000002,0.07057391932213923,0.13671463319658805,0.14059532496545116,0.9999999999999999,0.07212442217466244,0.11139019109116845,1.0,0.14450275661164974,1.0,0.7368154525756836,0.5356299877166748,0.6861724853515625,0.7847940921783447,0.268630713224411,0.8062195777893066,1.0000000000000002,0.04945414543375191,0.0678319091947156,0.06019456631929239,0.03946532385671826,0.05384376471037654,1.0,0.051519369309037805,0.061172056560783034,0.02815026560446065,0.07176707751279507,1.0,0.03457155234732203,0.05893891763230115,0.06315711444271462,0.9999999999999998,0.03597510784280421,0.05611508365753534,1.0,0.058335445266451284,1.0,1.0,0.4184647451600221,0.4361141144199925,0.7853083058768636,0.20833142376269007,0.7214504358583311,1.0,0.3048982078541436,0.5526609170370222,0.0950097108286146,0.5781409185220306,1.0000000000000002,0.2449775881269085,0.15729850647799537,0.38722868466911564,0.9999999999999999,0.21336765728632995,0.1632121265563384,1.0,0.40731125749236446,1.0,0.7058502929754283,0.49545391180255505,0.6680042097992326,0.7503424646816665,0.261539144972801,0.7358544706646748,0.094875,0.29575,0.33125,0.024375,0.136,0.046875
33,6,3,6-variate,0.9999999999999998,0.19499844210959616,0.16737324140389362,0.1251677547269523,0.12947450173547242,0.1435430791799357,1.0,0.14513868668515634,0.17271632839574777,0.10523121569773951,0.20809761946201408,1.0,0.08044056694945846,0.1795867858010333,0.16420332866780132,1.0000000000000002,0.13381663793317772,0.21647313363400264,0.9999999999999999,0.14743155359853186,1.0,0.8018038272857666,0.5821725130081177,0.7486556768417358,0.8078905344009399,0.2805338203907013,0.8365087509155273,1.0,0.08783783699793106,0.07854019361333585,0.05288668512858149,0.06811841696732182,0.054885565743212544,1.0000000000000002,0.06069811613862864,0.07582299292303835,0.051251802630703946,0.09717560177665101,0.9999999999999999,0.017762408752949536,0.07814453674308466,0.07770745527864939,1.0000000000000002,0.05347206644537931,0.09754400614785362,1.0,0.07565286089101073,1.0000000000000004,0.9999999999999999,0.6475514370495157,0.48219360471708317,0.7062343875790724,0.274585565873865,0.7308696338270657,1.0,0.44088798407920693,0.6733535771379117,0.3070615775991478,0.9543918880376822,1.0,0.27922681758635254,0.20662543948026763,0.4522499713453567,1.0000000000000002,0.3958732931658051,0.3171826103923288,0.9999999999999999,0.415566459837142,1.0,0.7412733102418386,0.5195260498289163,0.682861310585248,0.7592169304752711,0.26060440980136035,0.7646369750237701,0.094375,0.292875,0.326375,0.0285,0.135875,0.0515
34,6,4,6-variate,0.9999999999999998,0.19223371285407412,0.21007248620885852,0.140528204675726,0.13053822055453448,0.17258562722339327,0.9999999999999999,0.14360615043291702,0.17528537417844897,0.17482882903683966,0.2476126686996972,1.0,0.050140374148187485,0.15255491524906697,0.19749473384615904,1.0,0.1072749284323433,0.19097750935330177,1.0000000000000002,0.22636151993291148,1.0000000000000002,0.8386409878730774,0.6093649864196777,0.7983317971229553,0.7825479507446289,0.2902594208717346,0.889105498790741,1.0,0.09339194607185476,0.09034071758192669,0.06400835211744672,0.07855886505525898,0.06858736145105018,1.0,0.07151901469767595,0.08380591217752771,0.061415785811238896,0.11112677741057089,0.9999999999999999,0.007467445851975947,0.08379522172293855,0.09537566168789992,0.9999999999999998,0.034815377942804066,0.09006726778742252,1.0,0.07392761443918004,1.0000000000000002,0.9999999999999999,0.6383703133022873,0.6052078390032611,0.7929026020925057,0.2768414010525782,0.87874407800492,0.9999999999999999,0.43623256860460563,0.683369198333049,0.5101451708068778,1.1356183907876252,1.0,0.1740482195525931,0.17552377517257747,0.5439415064760746,1.0,0.3173544107612805,0.2798256655025665,1.0000000000000002,0.6380471405696965,1.0000000000000002,0.768334664638076,0.5254464955619419,0.7050942672539402,0.7572673245892064,0.25656450505050765,0.7999520769657856,0.10075,0.288875,0.33125,0.026,0.134125,0.0585
35,6,5,6-variate,0.9999999999999999,0.19837285695634993,0.22046628712408084,0.15903969897879097,0.1853357757656996,0.24107269578678556,0.9999999999999999,0.1697405117492752,0.23649938635782602,0.14525917114190778,0.23485635243042058,1.0,0.07525387818769116,0.20525932188182872,0.1959752508915582,1.0,0.1170773310223835,0.1872023476219839,0.9999999999999998,0.1901189560894871,0.9999999999999997,0.8813359141349792,0.621459424495697,0.8447058200836182,0.8162519931793213,0.3043693006038666,0.9175026416778564,1.0000000000000002,0.0925243839231512,0.10344838638465825,0.08124332158039882,0.08674412863885468,0.10258671278620159,0.9999999999999999,0.07447687935581454,0.09798752907787853,0.06111756269418727,0.10596629498748461,1.0,0.019338689780972643,0.08892121926606372,0.10016608940309397,1.0,0.0358236690983902,0.08713814518230868,1.0000000000000002,0.08009687476340661,1.0000000000000002,0.9999999999999999,0.6587571307562655,0.6351519350081201,0.8973503229212062,0.3930543835562295,1.2274552773198062,0.9999999999999999,0.515620976550511,0.9220186368753998,0.42386190727249207,1.077114664709692,1.0,0.26122268541079996,0.23616331081233036,0.5397564399435887,1.0,0.34635301475301233,0.27429424273331476,0.9999999999999999,0.5358896843356307,0.9999999999999999,0.7761717168755765,0.5273739719187029,0.7322730846993862,0.7764794976991034,0.2615418371931813,0.8087676017439128,0.10025,0.29125,0.332,0.026125,0.136125,0.0595
36,7,0,6-variate,1.0,0.014005413241836004,0.007963868004382214,-0.0007886705316390967,0.03915949475842604,0.003168948125525239,1.0,-0.0011321411232574205,0.04471321217393198,0.04080298334739627,-0.035286862005064805,1.0,-0.010027503462356504,-0.01767223638113104,0.027831826431031527,1.0000000000000002,0.021275492229091912,-0.011165791597738424,1.0000000000000002,-0.017571349652494166,1.0,0.8954593539237976,0.42602261900901794,0.48861315846443176,0.6006073951721191,0.3024345934391022,0.6052392721176147,0.9999999999999998,-0.012278515550646693,0.0029151811715796396,0.0036469480769321877,0.016453358155533872,-0.004508176287050561,0.9999999999999999,0.003367100299226388,0.010192380335208825,0.0004530213005387921,-0.007219727266449832,0.9999999999999998,-0.0037710465032553056,-0.002259270673735437,0.009667689822513025,1.0,-0.01055575291607349,0.0023284200339889352,1.0,-0.00018474065038795516,1.0,1.0,0.046509239975525744,0.02294341393257955,-0.00444989776970888,0.08304826977810544,0.016135001682980578,1.0,-0.0034390620744110915,0.1743194905169396,0.11906174716879753,-0.16183504615404914,1.0,-0.03480773246957795,-0.020332978085964196,0.07665458462546117,1.0000000000000002,0.06293984662430666,-0.016360447913035026,1.0000000000000002,-0.04952847261847968,1.0,0.8825452481850572,0.42880975028319024,0.4844499214375833,0.621800748604025,0.2956449522565138,0.5867793456782451,0.0905,0.297375,0.310875,0.0285,0.137875,0.044125
37,7,1,6-variate,1.0,0.05490246098000636,0.07836695715035864,0.05904316185706698,0.0919262529175827,0.0320083391483866,1.0000000000000002,0.017656643690979353,0.0656751846729479,0.02559935005990808,0.05700252963191725,1.0,0.0097093635769846,0.05267279960927495,0.08198844745598288,1.0,0.05147996103605618,0.05842904416392025,1.0000000000000002,0.005366809717465614,0.9999999999999999,1.0405550003051758,0.4603809118270874,0.54770827293396,0.6608201265335083,0.3108735978603363,0.66612309217453,0.9999999999999998,0.03426531220183701,0.04187307674485676,0.03410359909243993,0.050256264006549596,0.003801204821460282,0.9999999999999998,0.0005660040634858744,0.022526308323463865,0.034448262108011635,0.04009722856085774,1.0,0.012724266390318179,0.030656310836159776,0.04754206479328234,0.9999999999999998,0.015065777913502556,0.03797431495253392,1.0000000000000002,0.016742930954427283,1.0000000000000002,1.0,0.18232019029545948,0.22577110235690506,0.3331394289987871,0.194954326248823,0.1629749142472308,1.0000000000000002,0.0536356904466073,0.2560418888950594,0.07469810577885655,0.2614291509924639,1.0,0.03370338963166389,0.06060326316963319,0.2258132058265275,1.0,0.15229454492273892,0.08561190939195158,1.0000000000000002,0.01512745821491192,0.9999999999999999,1.0120200835639872,0.45162827826138996,0.5278775309342579,0.6664124961694151,0.3021107938839871,0.6278152264054515,0.10075,0.294625,0.318375,0.031625,0.137375,0.04825
38,7,2,6-variate,0.9999999999999998,0.1328944242428352,0.17995419798015302,0.13679126267353983,0.11659522943935337,0.05205027691850168,1.0000000000000002,0.052424260564333205,0.1528948617710411,0.06879894539347695,0.12820037407355434,0.9999999999999998,0.0986676790290724,0.11689159608520445,0.17030790998928588,0.9999999999999999,0.09543609470302576,0.1350991149324753,0.9999999999999998,0.10256193569306293,1.0,1.1683967113494873,0.49202761054039,0.6097467541694641,0.6679301261901855,0.3283555209636688,0.7092498540878296,1.0,0.062215308449056705,0.08422226049821133,0.061316225901051284,0.06695087796505061,0.0330054667383339,1.0,0.015464079036056524,0.055608934591724786,0.04604322628437162,0.06322202478787847,1.0,0.047028804125272224,0.05570498822070728,0.08159436655401028,1.0,0.04325065470783272,0.06001160521497683,1.0000000000000002,0.02682878144840167,1.0000000000000002,0.9999999999999999,0.441316268620717,0.5184385759415432,0.7718177974513698,0.24727148781996294,0.2650213667924735,1.0000000000000002,0.1592493150826739,0.5960773373558783,0.20075320970131083,0.5879614833576393,0.9999999999999999,0.34249715460617913,0.13449085850110612,0.46906321265397205,0.9999999999999999,0.2823312178228377,0.19795106181436778,0.9999999999999999,0.28909224657937327,1.0,1.1163821083393561,0.4666019085286457,0.5564881501771185,0.666717084467436,0.30666461287752533,0.660435041647474,0.11125,0.29,0.32225,0.02925,0.143875,0.049375
39,7,3,6-variate,1.0,0.1866927430104593,0.15545520362330048,0.14100874645129083,0.16569856795606736,0.1242104355679921,0.9999999999999999,0.0680272655346349,0.18653942603940077,0.06549205475688741,0.15545010067669562,1.0,0.0806990175047932,0.17613684495653972,0.22018259506410834,0.9999999999999998,0.13630852467063884,0.12670281788505902,1.0,0.16333143873018388,0.9999999999999999,1.232987880706787,0.5160704255104065,0.6235644221305847,0.6769891381263733,0.3290196657180786,0.7354942560195923,0.9999999999999998,0.08927794727834461,0.07999924191605866,0.061644972199642746,0.07723459146738068,0.06801654842988084,0.9999999999999998,0.04271267084122087,0.07633161202390552,0.01885437298219025,0.06738724430069304,1.0,0.0305792121350817,0.09062274729195575,0.10414486661371608,1.0,0.0453930489427383,0.05543474971690506,1.0,0.07368169895227299,1.0,1.0,0.619969838169427,0.4478582082525397,0.7956137521314698,0.35140827381349005,0.6324347797589911,0.9999999999999999,0.20664656436788328,0.727244300978411,0.1911038696994908,0.7129361472948557,1.0,0.2801239894044943,0.20265610978412593,0.6064287148644681,0.9999999999999999,0.4032452956787106,0.1856485985642526,1.0,0.4603836850260311,0.9999999999999999,1.152191204480142,0.4680545108323301,0.5639725480391853,0.6776416941412129,0.30814975362459757,0.6737617517365228,0.118625,0.298625,0.3335,0.031625,0.1395,0.048375
40,7,4,6-variate,0.9999999999999998,0.18134573934620554,0.20338040227724916,0.17598697047501988,0.17999515669481547,0.1899972668571509,0.9999999999999998,0.12505374515892015,0.18874555507450633,0.10125219141395077,0.18572759243056663,0.9999999999999998,0.1198197568769591,0.22635318061165088,0.2684293390941971,1.0,0.15685892243751126,0.14927634816750024,1.0000000000000002,0.2065886603745663,0.9999999999999998,1.3232249021530151,0.5631497502326965,0.6747677326202393,0.696196436882019,0.3463728725910187,0.7806558012962341,1.0000000000000002,0.08889413589779331,0.10218123126795109,0.06551913398712066,0.08451273854685802,0.07890389716209735,1.0000000000000002,0.057838804433680675,0.09757848498157051,0.05291897690667199,0.09005350982420965,1.0000000000000002,0.04661660294661143,0.10136093286043678,0.12481857584512886,0.9999999999999999,0.06728716082616062,0.06504860997291669,1.0,0.08959815150867521,1.0,0.9999999999999999,0.6022134316131093,0.5859282045505056,0.992971957857904,0.38172813410807693,0.9673976524743247,0.9999999999999999,0.3798761289056919,0.7358451853996724,0.2954507754593414,0.8517967990688801,0.9999999999999999,0.41592058061568776,0.2604330235744758,0.7393099594818814,1.0,0.46403996484478577,0.21872399663167955,1.0000000000000002,0.5823132158982061,0.9999999999999999,1.2062132627362088,0.4868651453823952,0.5763673884747257,0.6792578567551981,0.3069370164802651,0.6943041774629702,0.12725,0.28975,0.326,0.02775,0.13875,0.047375
41,7,5,6-variate,1.0000000000000002,0.20817792466923202,0.22194478104271753,0.16119296514715314,0.1884221956551932,0.15732843215421868,1.0,0.19563777563867174,0.26133338975349796,0.1687103208276372,0.2298114621840605,0.9999999999999998,0.09807579957549828,0.2628581620474641,0.2745969415331672,0.9999999999999999,0.2062013415230197,0.18619384197481798,0.9999999999999998,0.18988945701964957,0.9999999999999998,1.356018304824829,0.5645508766174316,0.6875736117362976,0.7511388659477234,0.35985562205314636,0.820621132850647,0.9999999999999998,0.08772055628228345,0.10527608723602287,0.07152792036259081,0.08279956860177706,0.08061637157473485,0.9999999999999998,0.06673703871262936,0.09919259533661245,0.06627265358248514,0.09907599110619526,0.9999999999999998,0.04241680413824518,0.11936679443320916,0.1274283075210591,0.9999999999999998,0.07701974991975355,0.07552109465844609,0.9999999999999999,0.07927880226386358,1.0,1.0000000000000002,0.6913175438924711,0.6394114324825331,0.9094996879820667,0.3995999816640788,0.8010598359664791,1.0,0.5942893459110864,1.0188368854384324,0.4922915045846827,1.0539773350577333,0.9999999999999999,0.3404426112064174,0.30243429481293027,0.7562968742274411,0.9999999999999999,0.6100111293954782,0.27281649574817307,0.9999999999999999,0.5352429921021855,0.9999999999999999,1.2258353240306996,0.4955067822392618,0.5978155424038871,0.7028109616522519,0.3182777548043625,0.7074320341734468,0.12525,0.294,0.3365,0.033375,0.13625,0.052125
42,8,0,6-variate,0.9999999999999999,0.01341214418592418,0.03351315424624802,0.06746834128955236,0.04582969257617973,-0.014858083239202135,0.9999999999999999,0.0341262889010695,0.031263192216158406,0.031113094278049817,-0.009224024390813962,1.0,-0.005689067874070825,-0.07252066143077557,-0.010334897129479504,0.9999999999999999,-0.007277942590110374,-0.0006105250468672647,1.0,0.026531769680319055,1.0,0.8558464646339417,0.43244946002960205,0.6085136532783508,0.7601068019866943,0.3247319757938385,0.5718517899513245,0.9999999999999999,0.008940000279860411,0.011737574556374902,0.033273020560594224,0.010589249366811243,-0.018386006469856456,1.0000000000000002,0.01292394723713639,0.015004680581586126,0.022613886631011288,-0.005524582737509967,1.0000000000000002,-0.004391626033784509,-0.015196797325742582,0.004061175189902414,1.0,0.007025022739809601,0.006065064156806607,1.0,0.0045396887831818744,1.0,0.9999999999999999,0.044539085421111194,0.09654961378947033,0.3806767948798128,0.09719421761119595,-0.07565211506389405,0.9999999999999999,0.10366553104281075,0.12188288475998027,0.09078705128283944,-0.04230382852621372,1.0,-0.019748032078327135,-0.08343941028625858,-0.02846444582187362,0.9999999999999999,-0.021530466572349114,-0.0008945667448309977,1.0,0.07478524070973726,1.0,0.8456683518121006,0.43736145288998907,0.6076846430814038,0.7705722555815169,0.32269730487371845,0.5876205025306434,0.093625,0.294875,0.322625,0.0225,0.138375,0.036875
43,8,1,6-variate,1.0,0.03873103804400179,0.08024555620579087,0.12076095342271073,0.09134486749956572,0.10492439592923719,1.0,0.10936415240831908,0.07108909753608053,0.07586818429208368,0.08218176286050106,0.9999999999999999,0.050324886125057235,0.07797804638638783,0.15273147873511347,1.0,0.07699935037459792,0.10003052957998324,0.9999999999999998,0.07838301255992292,1.0000000000000002,1.0171093940734863,0.47580429911613464,0.7176445126533508,0.7839584946632385,0.3436024487018585,0.5947736501693726,1.0,0.01591965752197223,0.03402504876810319,0.056318933168146505,0.03092814698080646,0.03778103072101815,1.0000000000000002,0.04462271922139559,0.03984464390208349,0.03397093424328142,0.0449162417570769,0.9999999999999999,0.020513334165313608,0.03540940288544461,0.053350288180463334,1.0,0.03946969644773552,0.04693606814240173,1.0000000000000002,0.04007117543468102,0.9999999999999998,1.0,0.12861807576760464,0.23118334841809382,0.6813698830418152,0.19372138274279213,0.5342371701064651,1.0,0.33221571060618993,0.27714864397216865,0.221380980866772,0.3769078894560676,0.9999999999999999,0.17468866573315953,0.0897184827211063,0.4206540749826513,1.0,0.22778924868516565,0.14656761361564313,0.9999999999999999,0.2209388727616983,1.0000000000000002,0.9732585631804922,0.4618541952898508,0.6773153271875403,0.7955554964667159,0.33488170790302235,0.624338139791041,0.109125,0.2845,0.326625,0.0215,0.14125,0.0445
44,8,2,6-variate,0.9999999999999998,0.13505753974154042,0.16610530863429776,0.20953410236358425,0.18237558466688591,0.16612957230503173,1.0,0.13686209527821422,0.13254965026676777,0.1315280035802764,0.16740534954346145,1.0000000000000002,0.09446260464036854,0.19006091400254313,0.19871985590832988,1.0000000000000002,0.09665873597463447,0.20490271517035175,1.0000000000000002,0.20353923736573615,1.0000000000000002,1.13394296169281,0.5095071196556091,0.7948023080825806,0.8513672351837158,0.3453689515590668,0.6701759099960327,1.0,0.0681213847370162,0.06776712396034136,0.08563737354460467,0.0679509938712641,0.07620308704050653,1.0,0.055821141154239605,0.056702569865125965,0.048555938668132646,0.07819755352586878,1.0000000000000002,0.030777990536219296,0.08115019444336156,0.0977724926337915,1.0000000000000002,0.037426036440035566,0.10102289499938029,1.0,0.07855671802535685,1.0000000000000002,0.9999999999999999,0.448499548294229,0.4785407465738199,1.1822549643625309,0.3867764465189425,0.8458717305327775,1.0,0.4157463037591397,0.5167594820102945,0.38379464891445286,0.767766264549376,1.0000000000000002,0.32790041910767787,0.2186765700821307,0.5473158667139353,1.0000000000000002,0.2859481910471497,0.3002292994426731,1.0000000000000002,0.5737177415097894,1.0000000000000002,1.066842938935233,0.4769109981610158,0.7175049192162426,0.827501984587353,0.3371449619636367,0.6525704246291024,0.116875,0.298125,0.32275,0.025875,0.1385,0.04825
45,8,3,6-variate,1.0000000000000002,0.17617717490582024,0.18592302827230248,0.24711479149948282,0.22589375348834467,0.2516212325884275,1.0,0.1539704052423743,0.14263907292633463,0.17770451443200308,0.19652237315657747,1.0,0.0889782947969291,0.20571242948621915,0.20618976634952366,1.0000000000000002,0.1236510302809216,0.20631624370126414,1.0000000000000002,0.22966763954881964,1.0,1.2314213514328003,0.5500966906547546,0.8334206938743591,0.8652309775352478,0.35689279437065125,0.7166764736175537,1.0000000000000002,0.08545761162971677,0.08308459558549099,0.10965974666835247,0.09759743714958893,0.1153207689536116,1.0000000000000002,0.05101263575529219,0.061080775022460544,0.07026324898203522,0.08037303990789549,1.0,0.028587973473975386,0.0959705957738168,0.09294996590137833,1.0000000000000002,0.0299044177869324,0.09201156595918641,1.0,0.09880507831838321,0.9999999999999999,1.0000000000000002,0.5850497086806754,0.5356344721303391,1.3942967748758166,0.4790685946781064,1.2811647273820663,1.0,0.4677161496917352,0.5560941073014274,0.5185363852960285,0.9013046821171772,1.0,0.3088631767721893,0.2366845612539108,0.5678893806417693,1.0000000000000002,0.36580023598927036,0.302300470846096,1.0000000000000002,0.6473661691431389,1.0,1.115949582946573,0.5034042392161004,0.7406138864419991,0.8386552678307191,0.3429047919044018,0.6689616352294662,0.1185,0.29975,0.324875,0.026125,0.1345,0.05075
46,8,4,6-variate,1.0,0.20201643541522493,0.17217158841179714,0.2715117627173245,0.23135915615803068,0.2780800739744632,1.0,0.14748224380229052,0.15595796357802696,0.19556326344415642,0.23946083230854628,1.0,0.07041761057577756,0.20224771626733587,0.24984876264251227,1.0,0.13461680182695196,0.23064251339928685,1.0,0.21456713033346533,1.0000000000000002,1.272568941116333,0.5793002247810364,0.8792352080345154,0.8944224119186401,0.3970986306667328,0.800053060054779,1.0,0.09154647436161237,0.08123461656375439,0.12655780005579367,0.09510681894611217,0.12911424112588046,1.0000000000000002,0.05758339483179994,0.07089941067461665,0.06967644286869358,0.09800520960166322,1.0,0.03681936506463689,0.0969153308225564,0.11059392396752954,1.0,0.028169086633845538,0.10219975349787852,0.9999999999999998,0.0839952584189091,1.0,1.0,0.6708566785233945,0.49601737650971095,1.5319515663989425,0.4906591744218223,1.4158838004892473,1.0,0.44800714691096905,0.6080192150474281,0.5706475827980587,1.098232053056934,1.0,0.24443491261367428,0.23269829238094009,0.6881351645842109,1.0,0.39824054188157815,0.3379439922994239,1.0,0.6048021551537718,1.0000000000000002,1.1425453214174814,0.5088681871241323,0.7777572124535551,0.8433800749370812,0.35324263536140915,0.708081286101412,0.118125,0.298,0.323625,0.025,0.136625,0.0525
47,8,5,6-variate,1.0000000000000002,0.26227035582532554,0.15582220380803077,0.2990710941417693,0.23525910752734483,0.2929184083488948,1.0000000000000002,0.1488370121328108,0.2426911919353238,0.14675108378537394,0.23634210571985365,1.0,0.1430842439403275,0.2655230277390619,0.2580871953859586,1.0000000000000002,0.1255770489583133,0.23738881107195697,1.0,0.2098186504199485,0.9999999999999999,1.3147351741790771,0.5963531136512756,0.9016065001487732,0.9351159930229187,0.4235151410102844,0.8141359090805054,0.9999999999999998,0.11003971798681875,0.06829252128361266,0.13980030481971098,0.09052425175328706,0.13526749760505008,1.0,0.06565672267193255,0.09255381420109468,0.0645871021911534,0.12236466222466175,0.9999999999999999,0.05682977059722811,0.10958928564903717,0.12123641015330243,0.9999999999999999,0.05059243114877209,0.11220475660762443,1.0,0.08896301088282689,1.0,1.0000000000000002,0.8709481213144661,0.44891553563691344,1.6874496799388206,0.4989301187408882,1.4914355598747253,1.0000000000000002,0.45212252860687085,0.9461583051347257,0.428215213145076,1.0839289267424292,1.0,0.49667673692697173,0.30550032930037596,0.7108257117275868,1.0000000000000002,0.37149795984594824,0.3478289117519345,1.0,0.5914176110861012,0.9999999999999999,1.1619237216167586,0.5226377631666839,0.7901061279807885,0.8654059570871436,0.36040022153583257,0.7195958145438935,0.1215,0.30175,0.332125,0.027625,0.1335,0.05025
48,9,0,6-variate,1.0,0.031031849957228307,-0.0049315714997752525,0.010798656079667748,0.015184113084395344,-0.04220370241943822,1.0,0.021934113483049505,-0.025248096535349016,0.022661339633319164,0.005673858801526682,1.0,0.002531519434683262,-0.049836569529882226,0.032161895041499224,1.0,0.03673225808621558,0.017411564078741726,1.0000000000000002,0.009406925977124456,1.0,0.837302565574646,0.2977297306060791,0.5422845482826233,0.6052734851837158,0.2505442500114441,0.5397739410400391,1.0,0.0041262017434400755,-0.0027433988576747695,0.013130680684077784,-0.00031272649773703175,-0.016485317521350955,1.0,0.009312571591041431,-0.00747860410028888,0.0015428685912060385,0.014262138079681247,1.0000000000000002,0.008059547580533412,-0.0345545168838677,0.001970578985150431,1.0,-0.004596835058766855,0.0116312477828016,1.0000000000000002,0.0016289154408956935,1.0,1.0,0.10305060341074379,-0.01420754166969411,0.060929411304146135,0.03220200373507785,-0.2148862830885914,1.0,0.0666292664166506,-0.09843242240551041,0.06612513680707377,0.026021846255336083,1.0,0.008787489523659023,-0.05734000285273205,0.08858053885926404,1.0,0.1086660682918233,0.025511924884352246,1.0000000000000002,0.026515332319170217,1.0,0.852536198835458,0.32752433161839234,0.5681676724227268,0.598591468834334,0.25431897475064175,0.5249341893377854,0.09775,0.2905,0.316625,0.027125,0.14525,0.042625
49,9,1,6-variate,1.0,0.044597694390572006,0.09904328018710969,0.11270286307656234,0.06531245007989543,0.03171729550765918,1.0,0.017796250380452204,0.11325101270258553,0.022812122347375743,0.09609142316650315,1.0,-0.000370048131710776,0.0647638855498654,0.09817330589085706,1.0,-0.01037872596569495,0.12183195166705912,1.0000000000000002,0.04164437400484408,1.0,1.0245004892349243,0.3500221371650696,0.6290061473846436,0.6490649580955505,0.2564532458782196,0.6063138842582703,0.9999999999999998,0.043583966318725346,0.06399169929311382,0.054200181787348964,0.02941141683808653,0.010174167679756459,1.0,0.019297591119604513,0.051148724075537846,0.004877753986663328,0.04383213838588023,1.0,0.014129960928798566,0.035674191369055676,0.047537446182182926,0.9999999999999998,-0.006164001275389882,0.054485042587139376,1.0,0.015014516143684667,0.9999999999999998,1.0,0.1481001879088973,0.28533861392294274,0.6359036885413926,0.13851267588557847,0.1614930100231145,1.0,0.05405969430829295,0.4415214567884184,0.06656509044020885,0.44070151671675567,1.0,-0.0012844605962300459,0.07451478737830514,0.2703896789658319,1.0,-0.030703642814953937,0.1785116310361385,1.0000000000000002,0.11738334342737465,1.0,1.0042988405840483,0.3439208783366171,0.6079443232114293,0.6165921721245122,0.25087390956848954,0.5632573327381162,0.107875,0.289125,0.328,0.028875,0.14025,0.04225
50,9,2,6-variate,1.0,0.11757183500715133,0.15883648380711296,0.13780061310735892,0.11847616221175732,0.12711401590158494,1.0,0.10768442483060857,0.12178103513022577,0.0630298763669159,0.11193458829489296,0.9999999999999998,0.07113512013450675,0.14251467781876032,0.13911468210506353,1.0,0.06672671007891623,0.13701947607133252,1.0000000000000002,0.10913536292925836,1.0,1.1708029508590698,0.3839409649372101,0.6998183131217957,0.6039983630180359,0.26228412985801697,0.6424291729927063,1.0000000000000002,0.06418786549841528,0.07448010347148776,0.06257585158539417,0.04758495903472222,0.05580327755805964,1.0,0.03383904139515702,0.0567596207661087,0.021075588101273076,0.0454735354364694,0.9999999999999998,0.006658322508123374,0.055526409888019906,0.06972086055202889,1.0,0.024686119028761434,0.04836109866869602,1.0000000000000002,0.043742862344039145,1.0000000000000002,1.0,0.390432947916467,0.457599644854039,0.7775128087789114,0.2512605055777039,0.6472187993572481,1.0,0.3271132423528065,0.47477659148555607,0.183919353875428,0.5133623575904097,0.9999999999999999,0.24692546476193994,0.1639718204310589,0.38315065653947916,1.0,0.19739934672003256,0.2007648616917671,1.0000000000000002,0.3076206274310855,1.0,1.1282544230300027,0.35535742549403954,0.6549782922914666,0.6109325402697798,0.25646314917059354,0.6042751545419901,0.118875,0.29375,0.326875,0.028125,0.145,0.045625
51,9,3,6-variate,1.0,0.19766989990326422,0.2056982923563133,0.17440044724275122,0.20898298431019746,0.17701305480998866,1.0,0.13909643497059965,0.10337833190507295,0.1023145305839359,0.16649125949221016,1.0,0.023463984994551688,0.13868772465267754,0.21313611893955517,1.0,0.07874566803030043,0.14194427143092922,0.9999999999999998,0.10759955201010388,1.0,1.2557615041732788,0.4278656244277954,0.7292019128799438,0.6520529389381409,0.2678609788417816,0.7009569406509399,1.0000000000000002,0.09006413274045635,0.10157330253617809,0.08326880773150559,0.07041051274100908,0.07603068862564943,1.0,0.03921199411013298,0.05179630151191896,0.03870384579874766,0.08466741310650963,1.0000000000000002,-0.0002139794049030527,0.05828996170145669,0.08956160587351177,0.9999999999999998,0.025740717790208503,0.07077790377088013,0.9999999999999998,0.06805330499500632,1.0,1.0,0.65642274903469,0.5926060154296197,0.9840202249370081,0.44320467246794487,0.901286860286128,1.0,0.42253344543270166,0.40303156616382113,0.2985506981734818,0.76357382133955,1.0,0.08144869451130994,0.15956863876445793,0.5870210189556272,1.0,0.2329554969647456,0.20798079679121995,0.9999999999999999,0.30329172808769245,1.0,1.1764936394376666,0.3779179820580805,0.6778788644065097,0.6359683756421467,0.26452501804150613,0.6335614777980679,0.122625,0.29825,0.336375,0.029,0.150625,0.0515
52,9,4,6-variate,1.0,0.1894398002391215,0.25086214429394366,0.21650297996242485,0.19723806257718327,0.20553966814589042,1.0000000000000002,0.09114696671284185,0.11255747183401303,0.1356765676760592,0.20706961091869508,1.0000000000000002,0.09521996607262996,0.1952575806044759,0.20843642808873206,0.9999999999999998,0.05626251087203389,0.20018522507876094,0.9999999999999998,0.1815013295115695,1.0,1.3604844808578491,0.4166854918003082,0.8061919212341309,0.674251914024353,0.30255645513534546,0.7318570017814636,0.9999999999999998,0.09426221936057422,0.11063774080029365,0.09462959212386549,0.09393057437354477,0.07855868069076644,1.0,0.04750720490035693,0.04914269517119144,0.06666139623875823,0.08170005068057382,1.0000000000000002,0.028704117978216964,0.08631180477145586,0.08790007360390696,1.0000000000000002,0.023050754633325326,0.08708867294744903,1.0,0.07655256575604906,0.9999999999999997,1.0,0.6290920141938146,0.7227207092932463,1.221575397888368,0.4182964022541307,1.0465340474858864,1.0000000000000002,0.2768773476919681,0.43881761187500823,0.39590008029099133,0.9496774107125228,1.0000000000000002,0.3305293867504819,0.22465564693595144,0.5740771530330908,0.9999999999999999,0.16644296641307738,0.29331712671817284,0.9999999999999999,0.5115992180588891,1.0,1.2542350972986889,0.3809242860602903,0.7194719944091819,0.6245266332286142,0.26473996958645446,0.6456709950368467,0.129875,0.298,0.343375,0.031,0.143375,0.051625
53,9,5,6-variate,0.9999999999999998,0.26021476702685686,0.23098568683901086,0.23991160969601985,0.24383812649237918,0.19664786381040988,1.0,0.1603284821751669,0.15900074469796066,0.18399046500940772,0.21720845313453158,1.0,0.1073028505594546,0.2208873763606501,0.21506213539406382,1.0,0.10317061910755133,0.22895385485280803,0.9999999999999998,0.17632832644935081,1.0,1.4365234375,0.4410199522972107,0.8320683836936951,0.6567819714546204,0.2893409729003906,0.72502201795578,0.9999999999999998,0.11041632460472141,0.10651608160680485,0.1089417686837919,0.1119462631695423,0.0870113860007437,1.0,0.06661159715035142,0.049601001556879805,0.07730646121521177,0.09750469270790735,0.9999999999999999,0.03408332577004554,0.08675920820281674,0.08846851277846945,0.9999999999999998,0.025490857091283906,0.10518516201621056,1.0,0.0664613974784358,1.0,0.9999999999999999,0.8641219785300183,0.6654577540966495,1.3536539887058894,0.517124369246757,1.0012601026867405,1.0,0.4870301225518602,0.619881789612326,0.5368785984973939,0.9961767528671357,1.0,0.37247172893280095,0.25414437191041733,0.5923257779750204,1.0,0.3052124988927094,0.33546974723061285,0.9999999999999999,0.4970182122593269,1.0,1.2956588575347188,0.37970204487402354,0.7399462009741063,0.6226341163615207,0.27007611417137195,0.6326857049453987,0.13225,0.291375,0.332625,0.032,0.14725,0.05525
54,10,0,6-variate,1.0000000000000002,0.04272897298234949,-0.04902778029657974,-0.05025234662815901,-0.006382707409646603,-0.0133950537236246,1.0000000000000002,-0.021279368727471867,0.027050729062904795,-0.06505955901426241,-0.02967309569010022,1.0,-0.002743468097554094,0.05171269607919471,0.015423955681301916,1.0,0.011604195659438916,0.014350893768742701,1.0,0.005160744810727483,1.0,0.9275015592575073,0.5296288132667542,0.44909876585006714,0.39164918661117554,0.2772814929485321,0.622178316116333,1.0,0.013916222482603484,-0.024676336524907763,-0.013580782712726988,0.0009868835046990502,-0.003780226179016249,1.0,-0.007388591381152973,0.0009933131139856122,-0.009186841969805641,-0.013289533013157554,1.0,-0.005263776088025035,0.01906522839891884,0.007728177993408446,1.0000000000000002,0.017474418157856015,0.015009304291293199,1.0000000000000002,0.009132363935843277,0.9999999999999999,1.0000000000000002,0.14189450020831557,-0.14124643599595757,-0.28353912242257395,-0.013536301053556724,-0.06820274347678189,1.0000000000000002,-0.06464035312641996,0.10546024911026576,-0.18984183484815786,-0.136088905662776,1.0,-0.00952321899448741,0.059498600499088124,0.04248076804893496,1.0,0.03432903762211491,0.021027322707720272,1.0,0.014546776532814906,1.0,0.9350475241742723,0.526034257995291,0.4530562114691504,0.4155904458468109,0.2780257533251623,0.6267664706052565,0.086625,0.293625,0.3165,0.02025,0.1425,0.034
55,10,1,6-variate,1.0,0.12062656812619815,0.09182478262936737,0.046178317310046166,0.10728689824455465,0.047260059930412004,1.0000000000000002,0.05266863369405558,0.035010725946382514,0.015333252293967106,0.06297240127042653,1.0000000000000002,0.059979529445107635,0.10581904427244797,0.049048224203829996,0.9999999999999999,0.08054297085809942,0.058646553715326885,0.9999999999999998,0.043976061842230664,1.0000000000000002,1.0815832614898682,0.5696983933448792,0.53318852186203,0.4458710551261902,0.27968981862068176,0.6863623857498169,1.0,0.054142144935866075,0.045633976684077024,0.01697076414953518,0.03258128022510525,0.0367575842699808,1.0,0.014733027301455199,0.025646437159982875,0.0016104761821871627,0.02650971527872522,1.0,0.01725579907938969,0.05605846637699421,0.03363820510430522,0.9999999999999999,0.01763492427932504,0.03180204657830036,0.9999999999999998,0.0393217153283429,1.0,1.0,0.40057700876204677,0.26454244980171615,0.26055216452276453,0.22753064752199356,0.24063126289873185,1.0000000000000002,0.15999156551951452,0.13649314345348879,0.04474193807345728,0.2888085497619666,1.0000000000000002,0.2082020754405787,0.12175126546596758,0.1350889397427773,0.9999999999999999,0.23827277734428867,0.08593058101698195,0.9999999999999999,0.12395567934783841,1.0000000000000002,1.070617768021419,0.5629139148768505,0.49917939780487963,0.43126255554102144,0.2838008725100329,0.6805422143997549,0.101125,0.287125,0.3185,0.021375,0.144875,0.041375
56,10,2,6-variate,1.0,0.16657167777007573,0.1117822297574886,0.1006676603928641,0.15188741495376848,0.13212794032062453,0.9999999999999999,0.058840755948528424,0.07161103236315841,0.05267137187166101,0.07997875952544699,1.0,0.0737237712587591,0.11223734452130958,0.15164990078185142,1.0,0.07371929135652659,0.13956138843505647,1.0,0.12778985932862777,1.0,1.197259545326233,0.6172722578048706,0.5677756071090698,0.4738256633281708,0.2978286147117615,0.7659593820571899,0.9999999999999999,0.0820700564358173,0.05100700041017649,0.058290688727091255,0.06646472644026076,0.06170439318347318,0.9999999999999999,0.020595320272630172,0.04081392253717243,0.039086879772232665,0.0346027206518558,1.0,0.025952412380606155,0.0703372819815721,0.07190716169859031,1.0,0.04256492000106403,0.06388365195983726,1.0,0.04299629427239487,1.0000000000000002,1.0,0.5531516871646276,0.322038780044181,0.5679974200513423,0.32211813546714996,0.6727479880818865,0.9999999999999999,0.17874064708177953,0.2791832522044823,0.1536934154753176,0.36680429207388837,1.0,0.25591120529087613,0.12913588787799882,0.4176752792056807,1.0,0.21808581722029852,0.20448936262918663,1.0,0.3602024274527521,1.0,1.1541063230117141,0.58680967022705,0.5097496022292227,0.44544842708430443,0.29431867784280413,0.719289869696451,0.106125,0.292375,0.32025,0.024625,0.144125,0.045
57,10,3,6-variate,0.9999999999999999,0.23876986474909923,0.12137732733682526,0.22350183312998415,0.1864980332529394,0.17050646890608445,1.0000000000000002,0.06734784919953715,0.18082195241896715,0.13586349113048773,0.16152652719829508,1.0000000000000002,0.1254378939955033,0.10525794723445411,0.2006923079921825,0.9999999999999999,0.11368988261196834,0.2251562128990948,1.0,0.11886856244932587,0.9999999999999999,1.2799702882766724,0.6496084332466125,0.565904974937439,0.49249881505966187,0.327991247177124,0.789628267288208,1.0,0.1154151746716804,0.06946472565441415,0.0907721405060223,0.07513266115731417,0.07520517453444125,1.0,0.03219843795029293,0.06527829281638937,0.06241117886430854,0.07450821416212511,0.9999999999999998,0.04880763313754847,0.0745440846794767,0.0961278435089749,0.9999999999999998,0.055967432724258886,0.0850078927674372,1.0,0.05720695295122222,0.9999999999999999,0.9999999999999999,0.7929076799701905,0.3496816271119882,1.2610652441295018,0.3955193301512146,0.868157663194949,1.0000000000000002,0.2045828119547545,0.7049539486026075,0.39644554787863434,0.7408043282181831,1.0000000000000002,0.435422442242638,0.1211056869132345,0.552748240143253,0.9999999999999999,0.33633187207592047,0.32990536845625296,1.0,0.33505580578746386,0.9999999999999999,1.2103643211959194,0.5942546618943548,0.5128941934655418,0.45490890650363475,0.30072734814661944,0.7460547380926836,0.10925,0.298875,0.31925,0.024125,0.143125,0.047875
58,10,4,6-variate,1.0,0.2360106861718561,0.19662502750860017,0.2308797191722812,0.20752071687937398,0.23102936906559474,1.0000000000000002,0.09360209809280275,0.1837847673828426,0.21686727633191757,0.19491048329033758,0.9999999999999999,0.10154919633184815,0.17594375614492516,0.24071351905102603,1.0,0.12954814232415934,0.21956148936513356,0.9999999999999999,0.15364698813954972,1.0000000000000002,1.3524510860443115,0.684208869934082,0.6039964556694031,0.5028325319290161,0.3355455696582794,0.8583040237426758,1.0,0.10661499185734473,0.08231956424583897,0.10405096189604958,0.08899739610983821,0.10006571766725411,1.0000000000000002,0.04096157446750798,0.07086167170405833,0.08691480813656033,0.08310888318321094,1.0,0.040069104514027266,0.08005939334600541,0.11304180261198007,1.0000000000000002,0.05467666070811932,0.09639220791816647,1.0,0.07815083815794349,1.0000000000000002,1.0,0.783744989311045,0.5664664617345386,1.3026937151113884,0.4401035804815526,1.176318520136997,1.0000000000000002,0.28433530341093594,0.7165051606962035,0.6328121371456593,0.8939121198345014,0.9999999999999999,0.3524995331647989,0.20243394913590032,0.6629748988673573,1.0,0.38324587802927806,0.32170775100953064,0.9999999999999999,0.43308600445275974,1.0000000000000002,1.2389603005140246,0.6196041436694709,0.5220757620129863,0.462944257422565,0.30005058181386274,0.7683133886147867,0.114,0.299375,0.321,0.022,0.1435,0.052625
59,10,5,6-variate,0.9999999999999999,0.22504383085013457,0.20414954536012725,0.2587291306319493,0.1922077420714033,0.2788985311304737,0.9999999999999998,0.081090852855556,0.16547372952539582,0.2013938323785119,0.21746725032229794,1.0000000000000002,0.11473165751734891,0.17282404496144435,0.2545267224809766,1.0000000000000002,0.1558042674289383,0.23864911282225176,0.9999999999999999,0.2401899186409615,1.0000000000000002,1.3831510543823242,0.7111520767211914,0.5973578691482544,0.5067471265792847,0.33326244354248047,0.8862352967262268,1.0000000000000002,0.10101038194645244,0.08829017639472828,0.10471607974447139,0.08956685012669842,0.12337074753240994,0.9999999999999999,0.041410930429379135,0.07060982562994664,0.07371151762324975,0.07782162401760273,1.0,0.04997477686758019,0.08116135245029239,0.11427855110452993,1.0,0.05377426193297649,0.10070959815371175,1.0,0.0992811146577646,0.9999999999999998,0.9999999999999999,0.7473261245628242,0.588144109156071,1.4598283368056306,0.40762820561024943,1.4200515013596375,0.9999999999999999,0.24632974625563822,0.6451174287697784,0.5876612308015271,0.9973633736423837,1.0000000000000002,0.39825860621749737,0.19884456985282653,0.7010194958082387,1.0000000000000002,0.46092003976156615,0.3496755169584727,0.9999999999999999,0.6770253217000113,1.0000000000000002,1.2683848831901756,0.6258682944983693,0.5318022935099306,0.46089096821599684,0.3025508374478311,0.7657780860780781,0.115,0.297375,0.32375,0.02175,0.1445,0.048875
60,11,0,6-variate,1.0000000000000002,-0.001843141651530637,0.00839302884382184,0.02358445657357984,-0.01292149994666232,-0.04299905384183733,1.0000000000000002,0.015595533418218042,0.029097553627348713,-0.06828360526036774,-0.03133891458893155,1.0,0.00837637124285432,0.012329731838371596,0.02758812838127491,1.0,0.010919186942999629,-0.028046318169763867,0.9999999999999998,0.0038483735844141746,1.0,0.8435409665107727,0.39896079897880554,0.6499795317649841,0.6706490516662598,0.3738367557525635,0.6289828419685364,1.0000000000000002,-0.00876223961752994,0.007503414623254444,0.013272611456300727,0.002927957252537183,-0.021159143004778464,1.0,-0.0007637086070018787,0.011036960654033656,-0.007971493051338598,-0.010149631838820335,1.0,0.002235949775482355,0.016011342299470693,0.0005868245300470551,0.9999999999999998,0.0018951498565394356,-0.0032053104964880853,1.0,-0.003369790418677702,0.9999999999999998,1.0000000000000002,-0.006120782519839504,0.024179914912159643,0.13307064398391263,-0.027403499661991133,-0.21893575523822587,1.0000000000000002,0.04737462837121347,0.11344003669051347,-0.1992495180088408,-0.143728794859866,1.0,0.029076143422363608,0.014186104928318935,0.0759834354110926,1.0,0.032302552376880934,-0.04109425204848506,0.9999999999999999,0.010847460229544467,1.0,0.8338581731325337,0.4069371604730813,0.6540682408757416,0.6495402749354613,0.35740097114870095,0.6067901799998228,0.08075,0.27525,0.320375,0.024125,0.14225,0.03625
61,11,1,6-variate,1.0,0.08298919345375705,0.11207126910103145,0.11019708064944203,0.1384858963082238,0.061698383220108045,1.0000000000000002,0.04829469181093029,0.09868329184393841,0.062271045632682105,0.06362821359269137,1.0,0.030538260697198033,0.10800651495770607,0.10522972207795983,1.0000000000000002,0.04039440880096756,0.07829321843574748,1.0000000000000002,0.09128544460796968,1.0,0.9696895480155945,0.43744489550590515,0.738487958908081,0.7080321311950684,0.3861868381500244,0.6689234375953674,1.0000000000000002,0.03264515082690399,0.056739226971700224,0.05435307530051213,0.05046628279029125,0.024761785378845973,1.0,0.0198114534035048,0.025524521302531546,0.018210489749581817,0.030357986636781364,0.9999999999999999,0.012061370737743363,0.05521712824084045,0.04902465289523125,1.0000000000000002,0.01903819097341591,0.04641063463643157,0.9999999999999998,0.028668436485206308,1.0,1.0,0.27559076160995677,0.32287138513700425,0.621765254081483,0.29369658477897015,0.31414599424247447,1.0000000000000002,0.14670490451035795,0.3847276040704015,0.1817050363862764,0.2918161729105149,1.0,0.1060049739854231,0.12426806929524913,0.2898245086258178,1.0000000000000002,0.1194998353301529,0.11471744281226773,1.0000000000000002,0.2573070420770756,1.0,0.9596124569572205,0.4219465803993574,0.7030855464479694,0.6721804303859162,0.3703884666790585,0.645733190162485,0.091,0.284125,0.32325,0.024625,0.143875,0.037125
62,11,2,6-variate,1.0000000000000002,0.16180028281581707,0.1555448960232768,0.20381741681237744,0.14369498844756623,0.13505791840617973,1.0000000000000002,0.05647327456643145,0.15388600550354653,0.13523254840109183,0.13329298030710637,1.0000000000000002,0.059917154533839015,0.12678026073145304,0.17562739194292326,1.0000000000000002,0.1036659470748988,0.15340748823135628,1.0,0.042084856328296893,1.0000000000000002,1.1236810684204102,0.5040019154548645,0.8256067633628845,0.7126113176345825,0.3794092535972595,0.718050479888916,1.0,0.06605179497632595,0.06094654794071746,0.10144411067867572,0.06216239524661478,0.055565591583456794,0.9999999999999999,0.03137869475430441,0.06305748023583474,0.04666095716329795,0.05060675528555669,1.0,0.02106994283479132,0.06995514599106749,0.08124810193532911,1.0,0.039848689408444715,0.06251371012548296,1.0,0.04006653687149936,1.0,1.0000000000000002,0.5373068913891991,0.44811666071114803,1.1499996904172602,0.3047439380894025,0.6876661723569184,1.0000000000000002,0.17154896470764128,0.5999414195765975,0.3946044264072528,0.6113176088527543,1.0000000000000002,0.20798561868216983,0.1458683664213812,0.48371431613965055,1.0000000000000002,0.3066778371246551,0.2247771076397911,1.0,0.11862489438121118,1.0000000000000002,1.0638061594227262,0.45222272283789466,0.7483068244400143,0.6732925494776909,0.37135806044053216,0.672967526518393,0.113375,0.287,0.3165,0.024375,0.14075,0.04275
63,11,3,6-variate,1.0000000000000002,0.20947899105512668,0.16101875050450415,0.24697386294345877,0.18432114848101563,0.20400291077996718,1.0,0.11518044829687944,0.11766364791617637,0.15403949837650185,0.15180035557845103,0.9999999999999999,0.03834357387652026,0.1741061261148803,0.19216314974028476,1.0,0.09940347243751042,0.16857506882177076,1.0000000000000002,0.17708879106154873,1.0000000000000002,1.2144142389297485,0.5007694959640503,0.8517836332321167,0.7200800180435181,0.4196275770664215,0.8070924878120422,0.9999999999999998,0.09786608843106098,0.07729575457479183,0.11186912228874749,0.08860369390650737,0.08895324463319138,1.0,0.045387253128255894,0.049427029516896294,0.07628574340281286,0.07325617518350089,1.0,0.02413580253722427,0.07862405924398133,0.09898042689234751,1.0,0.051682190816093106,0.07663079767855524,1.0000000000000002,0.07730639183075297,0.9999999999999999,1.0000000000000002,0.6956383480626737,0.4638865091592934,1.393501630126089,0.39090247449971066,1.038709507292975,1.0,0.34988384993038857,0.4587244525664444,0.44948249109206273,0.6961976455083102,0.9999999999999999,0.13309898781117516,0.2003196534817336,0.5292572683519504,1.0,0.29406806034081046,0.24700102019849873,1.0000000000000002,0.4991616845700313,1.0000000000000002,1.1133979142812682,0.46042268988048163,0.7613165397926904,0.6701814153287559,0.38323178239535466,0.706757303683505,0.110625,0.289375,0.322125,0.025625,0.14725,0.0435
64,11,4,6-variate,0.9999999999999999,0.22544803543226893,0.21140445698329052,0.2409665365220847,0.2168148681741118,0.258239336396549,1.0,0.11714167865576389,0.10755300789758092,0.16668218339773339,0.19932826362978254,1.0,0.11475052892111777,0.1928590096214532,0.2786992177384537,1.0,0.09276394769889205,0.22252830826844702,0.9999999999999998,0.25508867773190086,0.9999999999999998,1.26835036277771,0.5416121482849121,0.9095733165740967,0.7371920943260193,0.4433475732803345,0.8345853686332703,1.0,0.09961616370965094,0.09730173665632484,0.11681346112728677,0.09361335577873427,0.10353791253000848,1.0,0.05159566391337968,0.05222629985946956,0.07900327613467777,0.09729385099618702,1.0000000000000002,0.028605231480393085,0.08735161888373888,0.12255528868473894,1.0,0.04655832710854335,0.09069580469369568,0.9999999999999998,0.10196061471889104,0.9999999999999998,0.9999999999999999,0.7486685178518167,0.609045257034958,1.359606640209841,0.459814149579483,1.314862190063886,1.0,0.3558415825688834,0.41930702408381865,0.4863733356915026,0.9141731520232772,1.0,0.39832415926785975,0.22189601463717237,0.7675955896664077,1.0,0.2744260356281154,0.3260547409531024,0.9999999999999999,0.7190207159850845,0.9999999999999999,1.1645836101241374,0.47470432158605325,0.8027100819962408,0.6816539322500659,0.38640027031064017,0.7187599440882191,0.110875,0.2865,0.3225,0.025875,0.13925,0.0415
65,11,5,6-variate,1.0,0.24828053978068443,0.26502341881856367,0.3200662656819603,0.22632254630655746,0.26202801843306833,0.9999999999999999,0.1825127613604196,0.2199381920123172,0.16880217017929114,0.2500567219073087,0.9999999999999999,0.13707480501762767,0.237900940574466,0.2817663839043538,0.9999999999999998,0.14048988041271127,0.2143691386910214,0.9999999999999998,0.266767047830943,1.0000000000000002,1.3448989391326904,0.545138955116272,0.9174031615257263,0.7496926784515381,0.44416704773902893,0.846821665763855,1.0000000000000002,0.10051630989472642,0.11090582283869181,0.1415052718896899,0.10262110418868695,0.12251765838083264,0.9999999999999998,0.06339378814843201,0.07795031493166205,0.07468541378432306,0.10434170250391114,1.0000000000000004,0.04645323257389082,0.09231514612223751,0.11630676628990064,1.0000000000000002,0.04399208769526784,0.09562601647933948,1.0000000000000002,0.1155125414601688,1.0,1.0,0.824490701590942,0.7635185227973046,1.805911125436664,0.4799779039274,1.3341523602576664,0.9999999999999999,0.5544193263943796,0.8574530913529943,0.4925596146764591,1.1468274634371352,0.9999999999999999,0.4758167750846811,0.27371946747877934,0.7760432463612145,0.9999999999999999,0.4156149920165611,0.3140997758831321,0.9999999999999999,0.7519383598586452,1.0000000000000002,1.1901525444486367,0.4702996582976006,0.7969597975443063,0.6777024291934403,0.39573965593303106,0.7415177304394864,0.11475,0.2885,0.326375,0.028375,0.1485,0.043125
66,12,0,6-variate,0.9999999999999999,-0.005631823690681154,0.012897172792530814,0.0025493440660107995,0.03977478468309308,0.013365870865141296,1.0,-0.02325739742845214,0.013842432460914792,-0.05804437572098881,-0.002086334333143412,0.9999999999999999,0.009369902537260772,-0.01302846682149475,0.018148632668408996,1.0,0.025946350177646224,-0.021447523038632964,1.0000000000000002,-0.005751122519927405,1.0,0.7113879323005676,0.39693108201026917,0.5632184147834778,0.5008412599563599,0.36889156699180603,0.6083180904388428,0.9999999999999999,0.0028773587255338374,0.007411898858069978,-0.0026712815045342613,0.011019529021716911,0.008246928222868552,0.9999999999999999,-0.0020159077258363163,0.007998076242982816,-0.017171484773526206,-0.009304350143135152,1.0,0.012416493758017799,-0.007655543739296741,0.003674804665016974,1.0000000000000002,0.013459864970653095,-0.005750233682211591,1.0000000000000002,-0.012208997547286427,1.0,0.9999999999999999,-0.01870209126022664,0.03715612225310617,0.014384361797617618,0.08435301920772816,0.06805412452872345,1.0,-0.07064897816435237,0.053966228447315606,-0.16937178532370512,-0.009568526433654459,0.9999999999999999,0.03252488940956063,-0.014990032511258614,0.04998512033773271,1.0,0.07675779972459841,-0.031425549910049026,1.0000000000000002,-0.016210731346192518,1.0,0.7341888081163547,0.4072196049257997,0.5936926386926874,0.5136855637806443,0.36696611016937314,0.6141195404161419,0.091,0.286625,0.304125,0.02275,0.13775,0.048375
67,12,1,6-variate,1.0,0.06367153347592275,0.059254893226535564,0.09007116488364468,0.10653801934603555,0.09370323175974027,1.0000000000000002,0.032761368670931865,0.10013756355178804,-0.019688013753494122,0.08405532503076378,0.9999999999999998,0.019786138528145897,0.0632405114054673,0.14571710356052006,1.0000000000000002,0.053562509545005285,0.050735068062074944,0.9999999999999998,0.05290334879871921,1.0,0.863377034664154,0.454071968793869,0.6822859048843384,0.5374177098274231,0.3785780966281891,0.67955082654953,1.0000000000000002,0.0461883488138987,0.03345570540158906,0.04569592517076937,0.04615250370763168,0.04956978129210925,0.9999999999999998,0.013014234004897365,0.05246687289253236,0.004540793893115604,0.044072898107728686,1.0,0.02566888315609609,0.0270447316208825,0.05953240370685143,1.0000000000000002,0.02607604030341969,0.025983311001182997,0.9999999999999998,0.013943344062703839,0.9999999999999998,1.0,0.21144066333111447,0.17071033028800356,0.5082088339244571,0.22594252025062275,0.47710328018285775,1.0000000000000002,0.09951928712941743,0.3903972413451002,-0.05744893544927592,0.3855005461624421,0.9999999999999999,0.06868191973191808,0.07276206125144745,0.4013350950492156,1.0000000000000002,0.15845544179637583,0.07433844809257104,0.9999999999999999,0.14911915074185644,1.0,0.8408161865341091,0.44062318898949276,0.6652678835861274,0.5303753706471669,0.372594983368348,0.6610841388840186,0.10375,0.296625,0.31675,0.026,0.146,0.050875
68,12,2,6-variate,1.0000000000000002,0.1354594907514059,0.08757302166727317,0.10310188576494166,0.1298272159802699,0.1797472466318855,0.9999999999999998,0.06943241303957695,0.14135367389698558,0.03339708388020828,0.15827479921572146,0.9999999999999999,0.05213348108287309,0.17065349365903937,0.17033354855855815,1.0000000000000002,0.07532909371136308,0.10837648340657849,1.0000000000000002,0.08155651511288661,1.0,0.9495209455490112,0.49883341789245605,0.7212262153625488,0.5372843146324158,0.3928900361061096,0.7407330274581909,0.9999999999999998,0.059250468560592844,0.05686717974734491,0.047277244115404314,0.0706353636831279,0.07731346352024666,0.9999999999999998,0.025163163968608418,0.06634880120829645,0.021139776416906914,0.07837031723349241,1.0,0.017638739295059398,0.075920236893418,0.08687691537923621,1.0,0.03729798385076624,0.04567923837795472,1.0000000000000002,0.03977699426675006,0.9999999999999999,1.0000000000000002,0.4498343225650303,0.25229337026153736,0.5817320549418346,0.27533352464934524,0.9152085633675046,0.9999999999999999,0.21091502156544503,0.551082810530884,0.09745156156456367,0.725891033932562,0.9999999999999999,0.18096672645649337,0.1963472186296996,0.469133976353737,1.0000000000000002,0.2228481010461722,0.1587963282711319,1.0000000000000002,0.2298840859724923,1.0,0.8914016388941789,0.4581392601637654,0.6814627127926546,0.5328579935701595,0.3815663107009441,0.6954561915185419,0.108,0.296,0.302875,0.026125,0.143125,0.0545
69,12,3,6-variate,1.0000000000000002,0.16192086512584764,0.18969889316038094,0.1678903122992653,0.21236457440783904,0.22166303204278734,1.0000000000000002,0.10842091856066949,0.13904394381454782,0.15401710017930786,0.23168065780123817,1.0000000000000002,0.08247086690564569,0.16930152450769323,0.21696025705154592,1.0000000000000002,0.1671251816421885,0.16175069725963395,1.0,0.15412162837910356,1.0,1.036952257156372,0.5312855839729309,0.7924436330795288,0.553427517414093,0.39916935563087463,0.7935947775840759,1.0,0.07982363703756752,0.07720871722594015,0.08084841874627126,0.1059027343091088,0.09530757581940769,1.0000000000000002,0.03669703945173977,0.05843421796154286,0.0668206626248598,0.09666294033591029,1.0000000000000002,0.027617609699001542,0.09564684501516171,0.09471946724556062,1.0,0.05464582777660701,0.06829547522550793,1.0,0.06510726511379915,0.9999999999999998,1.0000000000000002,0.5377071223658334,0.5465124415722942,0.9472881798259232,0.4503761891594011,1.1286284980833725,1.0000000000000002,0.3293504472080449,0.5420778584288389,0.44941732310325094,1.0625498609181927,1.0000000000000002,0.2862744672930421,0.19479169593368995,0.5975533905954378,1.0000000000000002,0.4944109640408586,0.23700180489836645,1.0,0.43442387866418974,1.0,0.9576605069843918,0.4781791449928331,0.7349898937772243,0.5383975356648876,0.386743069262089,0.7309532694053359,0.115375,0.297625,0.31175,0.02525,0.1435,0.0525
70,12,4,6-variate,0.9999999999999999,0.20621989528192367,0.20902334367793238,0.23618222715234669,0.24337280109799433,0.23635310675955074,1.0,0.0903369637750212,0.1582950364046837,0.11146571765175664,0.19174333122392057,1.0,0.1054421652046044,0.25664389214613736,0.22978843506864335,0.9999999999999998,0.16726678324888608,0.16784644489600772,1.0,0.1735132031998249,1.0,1.1175545454025269,0.5367366075515747,0.8227825164794922,0.5663727521896362,0.40999215841293335,0.82957923412323,1.0000000000000002,0.08895369942836719,0.09000379181407492,0.1027729723620393,0.1094184022116296,0.1114886184613198,0.9999999999999999,0.031226088302370912,0.06160447906824759,0.06147476318864221,0.08157002499989588,0.9999999999999999,0.046371019391408426,0.10463595160423492,0.10693234082020783,1.0,0.06397650265417458,0.06577094864989243,1.0000000000000002,0.06913447224751743,1.0,0.9999999999999999,0.6848155333881214,0.6021853590457672,1.3326117677042573,0.5161374259084464,1.2034251580320223,1.0,0.27441674652047154,0.6171305086632224,0.3252535614104029,0.8793866026237442,1.0,0.36601288196361453,0.29528439952055724,0.6328849590232014,0.9999999999999999,0.4948300063349975,0.24593337176979968,1.0,0.48908310923390813,1.0,0.9976841970350653,0.47451801448042163,0.7490691374428947,0.5394863078553368,0.3932523278493287,0.7416264023689305,0.123375,0.294375,0.32025,0.026125,0.1455,0.057875
71,12,5,6-variate,1.0000000000000002,0.2616237985448926,0.22862943123734417,0.2268941580402856,0.2610819634807902,0.2607488166656166,0.9999999999999998,0.11157089003884152,0.14463367576558295,0.16191535470896648,0.24716686932505924,1.0,0.11026961750265368,0.2716385016105195,0.2756982720926812,1.0000000000000002,0.1360155539953695,0.22074538203011843,1.0,0.19687153138953184,1.0000000000000002,1.136934757232666,0.5069847702980042,0.8242749571800232,0.587514340877533,0.448961079120636,0.8593488931655884,1.0,0.11351897370928611,0.09157836256715779,0.09747838013545423,0.12036450955631355,0.12281206285797781,1.0,0.03041668924703881,0.05170122221310981,0.07671145124501348,0.09873671267031812,0.9999999999999999,0.04542618008586216,0.11699081241826148,0.12860807815272088,1.0,0.049593057913294235,0.07854262300005752,1.0,0.0846742283692243,0.9999999999999999,1.0000000000000002,0.868801032113541,0.6586693821403843,1.2802054586413045,0.5536945137794687,1.3276389597324432,0.9999999999999999,0.3389190520215729,0.5638704664809465,0.4724640503661965,1.1335740201418605,1.0,0.38276999052668026,0.3125366374278725,0.7593302704067003,1.0000000000000002,0.402378459956047,0.3234424884211977,1.0,0.5549234232091588,1.0000000000000002,1.019797901450952,0.4795270889326566,0.7437611082197997,0.5563024448966414,0.40584957157364865,0.7627883086306174,0.1165,0.300875,0.311625,0.024625,0.148625,0.060125
72,13,0,6-variate,0.9999999999999999,-0.021268873944911816,-0.01974894587085434,-0.008939753459725357,-0.02518663324595375,0.014330253672534496,1.0000000000000002,0.025096009031324865,-0.019014266069335463,0.05405770141676603,-0.004478590778139413,1.0,0.00048756595581876384,-0.011476488221008718,0.014129277333569635,1.0,0.04078905695216365,0.0006400665976558872,1.0,0.000708747681703519,0.9999999999999999,0.7566470503807068,0.4268047511577606,0.519092857837677,0.47591927647590637,0.34268954396247864,0.5185185074806213,1.0000000000000002,-0.0031260656635184536,-0.00037166782651429326,0.006410884601611717,-0.01870341065122581,0.008149430457908474,1.0,0.007223026558623114,0.0004429859255556797,0.006885475557846672,0.005367761000490911,1.0,0.005335122429469617,-0.005716616817805597,0.012404325357423819,0.9999999999999998,0.024846480583601286,-0.01029215431926123,0.9999999999999998,0.013646373737135249,1.0,0.9999999999999999,-0.07062974616863135,-0.05689572234056626,-0.05044074383245078,-0.05341502123535816,0.07296456984095094,1.0000000000000002,0.07623415615462675,-0.07412923572338645,0.15773887587762794,-0.02053997472600423,1.0,0.0016924102595941815,-0.01320443166215193,0.03891497504574349,1.0,0.12066749563094484,0.0009378277770437099,1.0,0.0019977568783787524,0.9999999999999999,0.724726253855412,0.4122370749383801,0.500302831936592,0.47767674753139394,0.3426071779705069,0.5430740512062306,0.089375,0.301,0.31175,0.024375,0.139,0.03925
73,13,1,6-variate,0.9999999999999999,0.039273372269266436,0.07434134872228688,0.012336470767896592,0.09914566251953527,0.0571477694401609,1.0,0.06446355756360789,0.053661890709410305,0.05321847458755276,0.03496984700197678,0.9999999999999998,0.041353949577274875,0.035092200024992394,0.0867026099552304,1.0000000000000002,0.09800781197414177,0.07732437914309843,1.0,0.08314322560707907,0.9999999999999999,0.8638248443603516,0.4666849970817566,0.5711623430252075,0.4770522713661194,0.3575880527496338,0.5747308731079102,1.0,0.023398551226927616,0.04110541835261552,0.008968492533723883,0.04001005506034001,0.028870998213649194,1.0000000000000002,0.028243376832888988,0.026518810341953126,0.022934096049059306,0.01844923622678885,0.9999999999999999,0.022170795851931983,0.036289881275991136,0.04211998306978923,0.9999999999999999,0.0354277718667074,0.044091112958278174,0.9999999999999998,0.03405171678079737,1.0,0.9999999999999999,0.13041900609577883,0.21417358098641973,0.06960613470144988,0.21026502543074788,0.2909759311906858,1.0,0.19582103750059437,0.20920682570012117,0.15528984209843605,0.16038124584737085,0.9999999999999999,0.14354865388157861,0.04037570467217743,0.23879711335161477,1.0000000000000002,0.28993909286518327,0.11329788509511504,1.0,0.23435640899775603,0.9999999999999999,0.8055272738155772,0.43892046164316195,0.5311952052005463,0.484189358345176,0.3497384085661306,0.587463543476501,0.095125,0.290875,0.311875,0.0285,0.140625,0.040875
74,13,2,6-variate,0.9999999999999999,0.14300129668214492,0.12197069933808398,0.0807323476388785,0.07486524868072225,0.15781573096496507,1.0,0.06459372850509022,0.10856064485272657,0.05688067796682329,0.13488445390456935,0.9999999999999998,0.06601989903209941,0.060541038401607,0.11364025033801987,0.9999999999999998,0.07789951844577281,0.12441527926396409,0.9999999999999999,0.059511900683921044,1.0,0.9744135141372681,0.5034025311470032,0.5950424671173096,0.4994223713874817,0.40116649866104126,0.6593073606491089,1.0000000000000002,0.05750939304073618,0.07167123092646921,0.03315986264605479,0.0430583197908037,0.06979315626316177,1.0,0.035434417471739754,0.050186797850057356,0.03318516193636271,0.05420643426098338,0.9999999999999999,0.033438875729389625,0.0591373717501328,0.05343457743199593,0.9999999999999998,0.03853310112643596,0.06517380677777003,1.0,0.042452621049968664,0.9999999999999999,0.9999999999999999,0.47487906528267,0.35139120167658344,0.4555164545098941,0.1587718546975818,0.8035408917266809,1.0,0.19621641916907406,0.42323554484357967,0.1659759969873745,0.618616417987073,0.9999999999999999,0.22916950218534848,0.0696561318646132,0.312988818615938,0.9999999999999999,0.2304522830596331,0.18229681241822698,0.9999999999999999,0.1677466078389586,1.0,0.8630059281359567,0.45251222023072574,0.5559267259866999,0.4862385959504188,0.36332507520089913,0.6138673081308608,0.103625,0.293875,0.315625,0.028125,0.1525,0.04575
75,13,3,6-variate,1.0,0.1465790311812065,0.17331057738603783,0.14594191934180836,0.15949981770642413,0.14796654149730407,1.0,0.10200649167302829,0.10890535778460383,0.11447115023210463,0.14076300526678392,1.0000000000000002,0.10954541748261776,0.16807228874492297,0.12589318848619477,0.9999999999999998,0.12431718021491721,0.12940841498756384,1.0000000000000002,0.1264938789938695,1.0,1.039415955543518,0.5363973379135132,0.6834182143211365,0.5084561109542847,0.4072147309780121,0.6888643503189087,1.0000000000000002,0.07150764388237024,0.09246491518669887,0.05321265971802006,0.06963766270927518,0.06794343606289131,0.9999999999999999,0.05471691870839302,0.04644761405517893,0.0446255491826687,0.06784512237162382,0.9999999999999998,0.037412316554658286,0.09200879064010403,0.06676292133662823,1.0,0.05304692452337732,0.06804867596626664,1.0,0.05457145472854334,1.0000000000000002,1.0,0.48676015061294037,0.49929875448801253,0.8234484624269331,0.3382621833106399,0.7533924532100493,1.0,0.30986529208359753,0.4245794459021597,0.3340233922481839,0.6455769922603306,1.0000000000000002,0.3802560828363782,0.193377434211331,0.3467360113711569,0.9999999999999999,0.3677707803009285,0.18961291694914584,1.0000000000000002,0.3565494679180417,1.0,0.9017912318972925,0.464696919382816,0.5875290030695662,0.49793399642084724,0.36403593203887546,0.6448134025697136,0.113125,0.293625,0.320125,0.030375,0.14375,0.049375
76,13,4,6-variate,0.9999999999999998,0.17536348353835463,0.22582558780270437,0.15348883109559608,0.17404198946538743,0.19741532354436628,1.0000000000000002,0.1233775287262298,0.10927435997615811,0.10690168290225896,0.18468986057908446,0.9999999999999998,0.1317780462631117,0.2317427520274281,0.21949437917026002,1.0000000000000002,0.1497218015975542,0.1883644130475055,1.0,0.17339346316639392,0.9999999999999999,1.0896717309951782,0.5168436169624329,0.6907390356063843,0.522038459777832,0.4114227890968323,0.7082377672195435,1.0000000000000002,0.068007636534509,0.10002971730536148,0.06541247367462283,0.07273983405502572,0.09303873905027898,0.9999999999999999,0.052727943905225436,0.061599585336518346,0.04709218466336516,0.09851528629152845,1.0000000000000002,0.043563194451253916,0.1019861550760163,0.0952645501641145,1.0000000000000002,0.06077317305531453,0.08355830105486858,0.9999999999999998,0.06027466965705391,1.0,0.9999999999999999,0.5823477378333983,0.6505916508026012,0.8660305991671065,0.36910286566993084,1.0051680532620604,1.0000000000000002,0.3747841726563977,0.42601798537533386,0.31193582241439954,0.8470376400660228,0.9999999999999999,0.4574306736192487,0.26663415621284253,0.6045331611044779,1.0000000000000002,0.44292606662367334,0.275996970193256,1.0,0.4887457137209168,0.9999999999999999,0.9269411671807786,0.46241954551236386,0.5903261307915993,0.4954045157993257,0.37211818357574267,0.6505008926276761,0.11075,0.281125,0.316375,0.025125,0.1435,0.047375
77,13,5,6-variate,0.9999999999999998,0.18663295584949066,0.2925014109599942,0.1688791081851184,0.15052278369343536,0.23285261278167638,1.0000000000000002,0.1019174379124312,0.11545415879510697,0.11362275626373919,0.2342080367584727,1.0,0.10041585962006051,0.20579591976520709,0.26520746773310716,1.0000000000000002,0.14192946450933275,0.18439856676483501,1.0,0.19227847883640614,0.9999999999999998,1.105457067489624,0.5410998463630676,0.7005445957183838,0.48330655694007874,0.3881552219390869,0.7320083379745483,1.0,0.07168858496010566,0.13097377962601453,0.07369517218050597,0.07167210538967517,0.09988651650914818,0.9999999999999999,0.047932316901385635,0.06567800854120273,0.04711318113643694,0.0999014569628947,0.9999999999999998,0.027365936598673788,0.10109181385404295,0.10556824016072283,1.0,0.0576538256911311,0.07886945156931024,0.9999999999999998,0.07491563279202297,1.0,0.9999999999999999,0.6197712987477509,0.8426814525734267,0.9528670976509572,0.3192240173198818,1.1856016532175104,1.0000000000000002,0.30959492095357166,0.4501106059394576,0.3315476629767973,1.0741409881693615,1.0,0.3485655617585271,0.2367807490819102,0.7304364852485474,1.0000000000000002,0.4198738295458847,0.2701860810521428,1.0,0.5419770265671942,0.9999999999999999,0.9541326728094988,0.479818537041284,0.5810425724474807,0.4897480121898549,0.37697740349218867,0.6750489395918647,0.114875,0.298125,0.32625,0.028125,0.142875,0.052125
78,14,0,6-variate,1.0,-0.04589074116160874,-0.009388518668037712,-0.02166482243971945,-0.04769454978214641,0.017615534572732343,1.0,-0.021240839704874323,-0.037793157611918815,-0.012080163363810082,-0.024599798030707557,0.9999999999999998,-0.02248542834861505,-0.02086233007217153,0.001690085626906122,1.0000000000000002,-0.0017536926824735129,0.034692267753301795,1.0000000000000002,0.020345311324240632,1.0000000000000002,0.7621628046035767,0.30649900436401367,0.5327841639518738,0.579441487789154,0.24626606702804565,0.49311524629592896,1.0,-0.004752505592560669,0.0004413006913243584,-0.0037034853754702142,-0.02523436765419149,0.004014740805977187,1.0,-0.015796699004773915,-0.0181693458845784,0.0038506549927088594,-0.01142321258584355,1.0,0.002309366737780099,-0.006834432153874513,0.0008869834981609306,1.0,0.009611237033433577,0.011812565703807813,1.0,0.005938579763941506,1.0,1.0,-0.152394074281471,-0.027047833056696214,-0.12223947616127621,-0.10114917354946479,0.0896920255329315,1.0,-0.06452333543839123,-0.14734082648040564,-0.03524945399502133,-0.11282132892675441,0.9999999999999999,-0.0780518302339942,-0.02400337898730527,0.004654775656872221,1.0000000000000002,-0.0051879525126333585,0.050832099475092804,1.0000000000000002,0.057347532171645864,1.0000000000000002,0.8173687177759437,0.30981806148726815,0.5212106746189819,0.6107895100790769,0.2650299545499246,0.49443199482202405,0.08525,0.2865,0.31575,0.025875,0.141875,0.03325
79,14,1,6-variate,1.0,0.07458019262258624,0.03351473104351883,0.08917368860256908,0.08334995371413774,0.044532258328849744,1.0,-0.001187312320673371,0.05072901341786202,-0.02896874824522103,0.019001802148083807,1.0,0.017040975098029282,0.06910743679397403,0.08907794851234693,0.9999999999999998,0.052963812635071224,0.08021399080594363,1.0000000000000002,-0.0076734238473230455,1.0,0.9448366761207581,0.35075682401657104,0.6061069965362549,0.6460075974464417,0.2723003625869751,0.565218985080719,1.0000000000000002,0.03280348076361948,0.01922081047584496,0.04260795037222303,0.017553080429466697,0.019079051870358913,1.0,0.0110298153493534,0.019134225712023077,0.005475994759829492,0.012481479099540328,1.0,0.015060449006867982,0.03700100096799539,0.03903043535124172,1.0,0.029294999240755546,0.05042053411339379,0.9999999999999998,0.013401268329279807,1.0,1.0,0.24766604498441255,0.09655416493016625,0.5031450005115163,0.17676606921763863,0.22674222948845665,1.0,-0.003606668481269196,0.19777262117894873,-0.08453011373723816,0.08714724337104393,1.0,0.05915286398575663,0.07951230713292709,0.24533912759436224,0.9999999999999999,0.1566842346082363,0.11753181924361013,1.0000000000000002,-0.021629193815637885,1.0,0.9606650243131485,0.3313482281935153,0.5577854750973626,0.652677891061268,0.27322368590077717,0.5341877502411644,0.10125,0.2875,0.321375,0.029875,0.141625,0.033375
80,14,2,6-variate,1.0000000000000002,0.13497830438655586,0.12305016711976353,0.16577740340225375,0.16934301808093272,0.12100900146135742,1.0000000000000002,0.05139171320970958,0.0990394117765935,0.07907871687254887,0.09088236425740898,1.0,0.05796875210545083,0.15681665757604002,0.10450555286489693,1.0,0.05165505292302279,0.11745995279630797,1.0,0.10754397963300197,0.9999999999999999,1.0840480327606201,0.3508256673812866,0.6484166383743286,0.6960436105728149,0.29975253343582153,0.5860655903816223,1.0,0.05631247014099683,0.05855506373824057,0.06196474675207005,0.05659611020620385,0.05576042402796854,1.0000000000000002,0.03138167114308437,0.05105563457856121,0.019488645762813554,0.037472395360542435,1.0000000000000002,0.02592774689677197,0.06502231106041113,0.06399004325912201,1.0000000000000002,0.0418341904738864,0.06291706088003095,1.0000000000000002,0.03033091633648399,1.0,1.0000000000000002,0.44823632565618066,0.35450124547569417,0.9353665895077276,0.35913738188288996,0.6161342045441843,1.0000000000000002,0.15611268914394938,0.3861160353497055,0.23074948261357495,0.41681110662454623,1.0,0.20122221429702786,0.18042705867435585,0.28783000051077057,1.0,0.15281250021105808,0.1721056194756161,1.0,0.30313505989368855,0.9999999999999999,1.0644915129977166,0.338824571566443,0.5928802789846332,0.6736243370731105,0.2790625463316497,0.5573427258994199,0.113125,0.288125,0.32475,0.02825,0.138125,0.034375
81,14,3,6-variate,1.0000000000000002,0.1900531026122549,0.16697204560341888,0.18362873384773942,0.0880355477046214,0.17892867846541252,0.9999999999999998,0.11109622991797445,0.14477693204258565,0.1235642306895986,0.15610556399887934,0.9999999999999999,0.0926405868337689,0.153480316384197,0.1478951896898342,1.0,0.12411923394958363,0.13789722713660943,1.0,0.12428812160938989,0.9999999999999999,1.1693423986434937,0.370819091796875,0.6759508848190308,0.7277501821517944,0.29394257068634033,0.6239038705825806,0.9999999999999998,0.07311507560037267,0.0814179478752284,0.08175413394748068,0.07149760636906896,0.07166551067258525,1.0000000000000002,0.03487283934338296,0.06713676849138073,0.0556849878594245,0.06256368698350617,1.0000000000000004,0.033232296367728634,0.07249841883294268,0.06503984398479157,0.9999999999999999,0.04948156087185387,0.062482763267518976,1.0,0.0408344927230277,1.0,1.0000000000000002,0.63112879242653,0.4810378700627135,1.036088834933559,0.18670298606779548,0.911040261021343,0.9999999999999999,0.33747731382724155,0.5644288683751572,0.36055667881293924,0.7159422080836603,0.9999999999999999,0.3215757588051182,0.17658845343394194,0.40733421571736633,1.0,0.36718528809465373,0.2020509514974014,1.0,0.3503319867946783,0.9999999999999999,1.1341203557604864,0.3488549026145065,0.61039094323737,0.701211126767754,0.28547831193083884,0.5717710528511294,0.119875,0.28725,0.330625,0.0285,0.146125,0.035125
82,14,4,6-variate,1.0,0.18036879951037932,0.20018573033918846,0.19047180016624857,0.20173243807792482,0.16728984927220214,1.0,0.09388168700333414,0.16905132581923607,0.09940766206452797,0.17888085216272043,0.9999999999999999,0.14569591684860775,0.1732271587136739,0.21966715043437063,0.9999999999999998,0.17008347700803164,0.17827314712949363,1.0,0.16323823223507436,0.9999999999999999,1.2184933423995972,0.4072018563747406,0.7114965915679932,0.7654893398284912,0.31407544016838074,0.6322901248931885,1.0000000000000002,0.08457585536850587,0.09613404556939244,0.0859724259435329,0.09001608165078974,0.07261217164060448,1.0000000000000002,0.03228935461361492,0.061467939753066324,0.04115171359454827,0.08376962757201993,0.9999999999999998,0.04511346814857,0.09186819856963445,0.0917470544667677,1.0,0.0532208357200576,0.0749870043267286,1.0,0.06427276774201249,0.9999999999999999,1.0,0.5989692773606674,0.5767245205362588,1.0746995860645638,0.42782788487540174,0.8517797920053438,1.0,0.2851846146398968,0.65906513115077,0.29006869594799684,0.8203957673483594,0.9999999999999999,0.5057425878729143,0.19930835859629212,0.6050089528331027,0.9999999999999999,0.5031626622474186,0.26121095375004005,1.0,0.46012086884995107,0.9999999999999999,1.169936137079272,0.36230207084506455,0.6260803430561226,0.7150364217522626,0.28966121436394277,0.5725765153689426,0.124,0.289875,0.329625,0.031375,0.146875,0.045
83,14,5,6-variate,0.9999999999999998,0.20064734003958806,0.27104993037375025,0.17449648009523155,0.20913636855554496,0.17679387442069272,1.0000000000000002,0.11231227858832507,0.14192435595168154,0.17756666217704178,0.10845004052789603,1.0,0.10046273439828912,0.22411782788429996,0.23439493663595662,1.0,0.16781731994275953,0.16394269344348378,0.9999999999999998,0.14522740501003287,1.0,1.2745437622070312,0.38967207074165344,0.7383115291595459,0.7720642685890198,0.32140305638313293,0.6542416214942932,0.9999999999999998,0.10836926916272305,0.12731864163906506,0.0943664596892725,0.1024745203103771,0.07076991432670914,0.9999999999999999,0.06667105787319169,0.06053005413365233,0.06538087669609285,0.08089593988157052,1.0,0.042452054830472444,0.08508113931283909,0.10590521364638597,1.0000000000000002,0.07518118424284227,0.07541289025647667,0.9999999999999998,0.06720689319320651,0.9999999999999999,0.9999999999999999,0.6663099595910655,0.7808803104611293,0.9845624104462881,0.44352986114433884,0.9001706232526681,1.0000000000000002,0.3411712817595462,0.5533075678596442,0.5181341980278147,0.49738124485931984,1.0,0.3487282540109242,0.2578612204947647,0.6455723875140051,1.0,0.4964586269105854,0.24021350036473024,0.9999999999999999,0.4093536029841898,1.0,1.208620909374225,0.35815920359612646,0.626588153101375,0.7212907092904618,0.28851926078696893,0.585316437949976,0.1235,0.280875,0.329875,0.035625,0.141875,0.039625
84,15,0,6-variate,1.0,0.00578692746624774,-0.007287793238201896,0.0034145755207413827,-0.054428744258053614,0.005000150953724582,1.0,0.024308921448012243,0.0387512444769157,0.05190266257961164,-0.04435339282454962,0.9999999999999998,0.040642120763714915,-0.05203540103977812,0.029325030792006032,1.0,-0.0030669198840236897,-0.022836364603563537,0.9999999999999998,0.003375143259196297,1.0000000000000002,0.6096513271331787,0.5000685453414917,0.518997848033905,0.35809874534606934,0.29233187437057495,0.51220703125,0.9999999999999998,-0.005444704106675108,-0.0008783970015328187,-0.004225243202891284,-0.01321378499516022,0.0016683727592300965,0.9999999999999999,0.028226594320542496,0.010140247014988507,0.016951231318169464,-0.011025200033642126,1.0,0.0063138663962909155,-0.017183859099850828,0.00011063986483995157,1.0,-0.00077310475513435,-0.027356996996307267,0.9999999999999998,0.004438140954807174,0.9999999999999999,1.0,0.019217240496977976,-0.020995729461069697,0.01926591761252526,-0.115430845331991,0.025458975949135414,1.0,0.07384327731770364,0.15107594680259642,0.15145050949534067,-0.20341677395603114,0.9999999999999999,0.14107777516313258,-0.05986986466386696,0.08076721188845702,1.0,-0.009072915997255725,-0.033460511567636714,0.9999999999999999,0.009513606285432196,1.0000000000000002,0.6039499314082085,0.5130932522268971,0.5206281534793282,0.3784111110761563,0.3107319434635541,0.5017325666220781,0.09275,0.28475,0.314375,0.0195,0.139375,0.040875
85,15,1,6-variate,0.9999999999999999,0.10485957317811653,0.09163881681324913,0.12323296426522438,0.06789171930795637,0.03696224408322252,1.0,0.14242577719195573,0.007720088253176214,0.03952792944519283,0.018318306565172533,0.9999999999999999,0.06597328665414733,0.04125049751158096,0.051708292172937736,1.0,0.05449195466373673,0.03593267005614989,1.0000000000000002,0.09925699520626188,1.0,0.6933556795120239,0.5760765075683594,0.5804787278175354,0.40493425726890564,0.2930244207382202,0.5542882084846497,1.0,0.043860058457011436,0.0593628185658207,0.032098931863006455,0.03214043932739288,0.02215988214529553,1.0,0.05544984103691671,0.008424031217186025,0.031206568599651343,0.018040916221173937,1.0000000000000002,0.021064722293981063,0.016672591948893572,0.04023626468078541,1.0,0.018674670153476347,0.012450741615170036,1.0000000000000002,0.029001932293619942,1.0,0.9999999999999999,0.3482178425062745,0.26400661856983104,0.6953180031493919,0.14398252555495414,0.1881984787090904,1.0,0.43264707618092624,0.030097617627884446,0.11534132613275778,0.08401259568504606,0.9999999999999999,0.22900774784015612,0.047461241414991945,0.1424153700778653,1.0,0.16120522076046154,0.05264958333085176,1.0000000000000002,0.27977662227992306,1.0,0.6672414940928915,0.5673585367464649,0.5674247307533882,0.39710800918092526,0.3126796677263918,0.5247266556458055,0.1015,0.30175,0.32375,0.0195,0.149875,0.040875
86,15,2,6-variate,1.0,0.15178565737152677,0.14396825961773713,0.1075943815530111,0.1727606905297319,0.11054117014948737,1.0,0.1193190197318659,0.08523640694895006,0.18687074042454596,0.10657099882141602,1.0000000000000002,0.08372034445817295,0.13198154437683185,0.12842176085785556,1.0000000000000002,0.08808199675036874,0.09501515511845879,0.9999999999999998,0.12986549817124296,1.0000000000000002,0.7869710326194763,0.6093317270278931,0.6366625428199768,0.3864918649196625,0.34736794233322144,0.5809049010276794,0.9999999999999999,0.06036927484159594,0.06646818936183375,0.04730325895130904,0.07289577040325286,0.04940423140493709,0.9999999999999999,0.05587864767973339,0.03462906427900355,0.06753298491705463,0.04969917527888712,0.9999999999999998,0.026472352290999864,0.055439866054360736,0.06222296381324353,0.9999999999999999,0.0224076978553105,0.04436317824149047,1.0,0.045007856142016626,1.0,1.0,0.5040501226371605,0.41476505196399205,0.6070801377612458,0.36638538222669126,0.5628359122062006,1.0,0.36245566787795575,0.33230339306251544,0.5452832020869524,0.4887633844067063,1.0000000000000002,0.29061162578753275,0.15185284476434024,0.353700130555805,1.0000000000000002,0.2605753880456133,0.13921895032576884,0.9999999999999999,0.36605288985834034,1.0000000000000002,0.7067821483427162,0.5831702367225607,0.5901384044975257,0.4001517461428439,0.3247012602247784,0.5395725780986473,0.102,0.301,0.320625,0.024,0.14625,0.04025
87,15,3,6-variate,1.0,0.15986063000471354,0.19437628991616945,0.10696145588877069,0.19701831776931855,0.1573888350621547,1.0,0.15225652551153426,0.07978096899080613,0.2233414569602954,0.21520508030823046,1.0,0.03587232788613825,0.1681630154166984,0.19306543746147836,0.9999999999999998,0.07918160695584864,0.13716832704967322,0.9999999999999998,0.18570633607069217,1.0,0.8772267699241638,0.673495352268219,0.6803663372993469,0.4410949945449829,0.3730517029762268,0.6359095573425293,1.0,0.08203786153790477,0.09533441795385482,0.06232669103485237,0.07447409616085068,0.07709895284352904,0.9999999999999999,0.06558632428398821,0.042792832314460336,0.07577931606677549,0.07753618789979332,1.0,0.02063570866884559,0.07752577414521783,0.08651020336474129,0.9999999999999999,0.03641767186214171,0.05417609802286239,1.0,0.059182036592216394,1.0,1.0,0.5308656212274363,0.5599878077792687,0.6035089791756985,0.4178302697962824,0.8013672842823917,1.0,0.4625100943003157,0.3110348314969917,0.6517036433017858,0.9869888319908493,1.0,0.12452058811156827,0.19348177201353808,0.5317422568755167,0.9999999999999999,0.23424506634503034,0.20098298302208698,0.9999999999999999,0.5234519511680017,1.0,0.7438135316889487,0.6074834312703247,0.6178417724111331,0.4117305668955335,0.3311231655770284,0.560310288353853,0.10525,0.313625,0.321875,0.021625,0.148,0.050375
88,15,4,6-variate,1.0000000000000002,0.18010509509984435,0.20969849821046738,0.14421576068924116,0.16204501649820838,0.21116959914949993,0.9999999999999998,0.17072991529276452,0.12439342108987933,0.17113384532621953,0.1929790283417248,1.0000000000000002,0.08759979243985871,0.1356903330362418,0.19792361177145695,1.0,0.11405503145106068,0.15903138578005985,0.9999999999999998,0.1566992773347361,1.0,0.8890677690505981,0.6770297884941101,0.699653685092926,0.44411978125572205,0.38964587450027466,0.645275890827179,1.0,0.08078975805221696,0.1022342989425708,0.06793539662521272,0.09605028877611073,0.09026600765320417,1.0,0.0644443824315991,0.054400230489353905,0.08764136991214377,0.07926539749382652,1.0,0.02916057740417787,0.0747400850974019,0.10600257768491454,1.0000000000000002,0.0494774899316775,0.06323296596528871,1.0,0.07173960434261553,1.0,1.0000000000000002,0.5980934967764496,0.6041303991518833,0.8137090673589844,0.34366003466556255,1.0751996087420457,0.9999999999999999,0.5186267791005637,0.4849612483420451,0.49936328740440283,0.885053842376723,1.0000000000000002,0.3040781623390761,0.15612000972830442,0.5451227375994604,1.0,0.33741194388020523,0.23301734239709146,0.9999999999999999,0.44168955653085745,1.0,0.7646792674434478,0.6123355702289371,0.6188640399337012,0.4165258466202006,0.336476596358442,0.5820363983404375,0.10975,0.30175,0.327375,0.02675,0.14,0.046625
89,15,5,6-variate,1.0000000000000002,0.19900967085615706,0.1904743781334611,0.25737839180356104,0.19792745087437288,0.2233179823948155,1.0000000000000002,0.14497224127555408,0.21401346918726366,0.1285740548775725,0.21922192782765432,1.0000000000000002,0.057721861954546795,0.1559436783380812,0.23164234781412157,1.0,0.11421296425663374,0.14574155620118603,1.0,0.18553061055944087,1.0000000000000002,0.920263946056366,0.6664574146270752,0.7228841781616211,0.4553089439868927,0.35987696051597595,0.6527875661849976,1.0,0.09907463736374075,0.08577972724095984,0.08813551334335858,0.10333208641378193,0.09760855981861741,0.9999999999999999,0.06754248953934909,0.08023313616940046,0.06498968477820882,0.10423259577510077,1.0000000000000002,0.0255065325665779,0.07581435340625496,0.11954288190210063,1.0,0.05377780283440833,0.06254253134039196,1.0000000000000002,0.08421938162392319,1.0000000000000002,1.0000000000000002,0.6608718009259339,0.5487467679034833,1.4522069581848065,0.41975844118592354,1.137054910521201,1.0000000000000002,0.4403824427555095,0.8343548061024857,0.37517519390077414,1.0054106599379964,1.0000000000000002,0.20036524293003638,0.17942264826655893,0.6379910689048156,1.0,0.3378794551816476,0.21354474341785357,1.0,0.5229567619833324,1.0000000000000002,0.7848920717839231,0.6227744011715788,0.6302650226034571,0.4183131904245732,0.3369759888969674,0.5739640901713284,0.116125,0.3045,0.3325,0.0245,0.14725,0.04925
90,16,0,6-variate,1.0000000000000002,-0.024075302821837237,-0.0012683540009309755,0.041354772712505254,0.024444812918747505,-0.020966260144112438,1.0,-0.02709574974447598,0.04245976853948326,0.008672314957998008,-0.005815295931952358,1.0,-0.006378503452474715,-0.01806286332593657,0.03246730106010582,0.9999999999999999,-0.042946609462355165,0.030143009194841676,1.0000000000000002,0.029382236432872876,1.0,0.777511715888977,0.5174392461776733,0.6703296303749084,0.8171849846839905,0.4136514961719513,0.46216654777526855,1.0,-0.015324175397779286,0.0018002045644178533,0.010817754709350546,0.014096281204233304,-0.006667548923825339,1.0000000000000002,-0.020020377943197408,0.019312143463326437,0.0008246624383337682,0.013425561606146785,1.0000000000000002,0.004438847431547277,0.004673525845895405,0.012481655159122121,1.0000000000000002,-0.01764578842873897,0.015341443358515757,1.0000000000000002,0.013887298710215166,1.0000000000000002,1.0000000000000002,-0.07994918576362067,-0.003654094251598415,0.2333360664762692,0.05184179949861549,-0.10675252733758474,1.0,-0.08230884352528411,0.16553410637704571,0.02530546400184785,-0.02667057020610176,1.0,-0.02214124125852405,-0.020782416208960663,0.08942163480975315,0.9999999999999999,-0.12705018065890133,0.04416637840843103,1.0000000000000002,0.0828199302347014,1.0,0.788907874739521,0.512748017610598,0.6791463928797828,0.8353035087841197,0.4112991484960373,0.44778572837877273,0.08625,0.288125,0.31525,0.03125,0.14525,0.034875
91,16,1,6-variate,1.0,0.09183119705928278,0.09871114794851174,0.12836189008235285,0.13883374180584568,0.029451376979510828,0.9999999999999999,0.02047319890707619,0.08164065653619496,0.03816127239704428,0.0492752626224142,1.0000000000000002,0.008552161289689142,0.06421249140131616,0.0904680530279072,0.9999999999999999,0.04413228427153372,0.14180643027731374,1.0000000000000002,0.05179202647810313,1.0000000000000002,0.949779212474823,0.5585465431213379,0.7712752223014832,0.8571848273277283,0.44251447916030884,0.4776844382286072,0.9999999999999999,0.04000379431310565,0.04537430784566007,0.06537145448271829,0.07041099187802458,0.02012581315749514,0.9999999999999999,0.008779545415995755,0.04022253862863113,0.02162226173946082,0.020834803651719754,0.9999999999999998,0.008237903254830732,0.03443893304843822,0.03676231023932505,1.0,0.009755117372395206,0.06837092679010774,1.0,0.03258302576287757,1.0000000000000002,1.0,0.3049532246473115,0.2843815761330024,0.7242567203761937,0.2944342846993643,0.14995574288733673,0.9999999999999999,0.062191534444034434,0.31828494278757263,0.11135342491192896,0.22598971278022512,1.0000000000000002,0.02968634805573235,0.07388037489066722,0.24916781507735355,0.9999999999999999,0.13055772970103863,0.20777886119200922,1.0000000000000002,0.14598667296464174,1.0000000000000002,0.9184182139560967,0.5452377950340062,0.7568081706987564,0.8574963637666766,0.42840482969223814,0.47969498559201884,0.100375,0.285625,0.327,0.031875,0.148125,0.04175
92,16,2,6-variate,1.0,0.13259420969227062,0.1752962998396627,0.17838748084435513,0.16578778616694986,0.10301408763587878,1.0,0.04625385585376952,0.12261383366677377,0.09219716545338837,0.05965158692327867,0.9999999999999999,0.05173846276714033,0.10168549959934126,0.11610060075197275,0.9999999999999999,0.11405223458381172,0.16944866058170377,1.0,0.14687688778594213,1.0,1.0514085292816162,0.6152511835098267,0.8938899040222168,0.9123498201370239,0.446791410446167,0.5179951190948486,1.0,0.06486960024491688,0.08502968605666832,0.08680876397657704,0.08451190583162338,0.051279576873137035,1.0,0.03362816193784315,0.06942893936516928,0.02891096201253429,0.028515686598264686,0.9999999999999999,0.013473600197348652,0.05288576997101845,0.051785187603418575,1.0000000000000002,0.04401687856673061,0.07262321686922373,0.9999999999999999,0.06539888999034546,0.9999999999999999,1.0,0.44031921741690083,0.505019510304613,1.0065161920762637,0.35159756120061475,0.5245108159322001,1.0,0.14050543301762417,0.478023321813467,0.26902853347056077,0.2735783192199059,0.9999999999999999,0.17959556633602958,0.11699537596849462,0.31976516409347516,0.9999999999999999,0.33740385527785666,0.24828101599187027,1.0,0.4140031054018424,1.0,0.9909159724298942,0.5780946705259518,0.8236607891281721,0.9027521933876802,0.4301198286780371,0.5056831021659903,0.112875,0.282875,0.338125,0.034375,0.14975,0.042875
93,16,3,6-variate,1.0,0.1791897215174599,0.2077015519239814,0.20996942564214477,0.2829686224758029,0.16075159032101702,1.0,0.10245030859301756,0.20763611450990774,0.13809751376784585,0.1280581847631997,1.0000000000000002,0.05087514968515841,0.2351954393894064,0.13883442486156422,0.9999999999999999,0.15478681907528521,0.17064538625729977,1.0,0.17316297708693226,0.9999999999999998,1.1300837993621826,0.6708003282546997,0.9340654611587524,0.9748648405075073,0.4933338463306427,0.5773815512657166,1.0,0.08633550897643046,0.09235927912462463,0.09521064185090737,0.12293111868038539,0.07354786100809403,1.0,0.03948582415560035,0.09228910247698714,0.047528442445842985,0.055894671906919574,1.0000000000000002,0.019429652495061,0.09984933040738403,0.06800591215976615,1.0000000000000002,0.05907640238831518,0.07855433930214835,1.0,0.07767976321315258,1.0,1.0,0.5950537216582522,0.5983773431912405,1.1847112704515839,0.6001110176193992,0.8184893271400441,1.0,0.3112135130346767,0.809492168841871,0.4029643204088544,0.5873095324324521,1.0000000000000002,0.1765987487542946,0.2706066507537563,0.38237880056927526,0.9999999999999999,0.45791015794296935,0.25003453771769774,1.0,0.4880960420243949,0.9999999999999999,1.026557450678918,0.5970691302974168,0.8406800026247913,0.9299161844804342,0.43584737720771477,0.5228182400368927,0.113625,0.293375,0.334125,0.034875,0.151625,0.03975
94,16,4,6-variate,1.0000000000000002,0.2076649561752144,0.23260253771779946,0.2183390036021799,0.2691912616444734,0.16738701759958,1.0000000000000002,0.11445759297191652,0.18177478150751908,0.11352649753670167,0.22886363532994825,1.0000000000000002,0.07981738536195318,0.21690701784588876,0.23954784512987287,0.9999999999999999,0.12987894407914335,0.21951735607233533,0.9999999999999999,0.1887843976790372,1.0,1.1802781820297241,0.7061259746551514,0.9650128483772278,0.9586160778999329,0.48838019371032715,0.593468964099884,1.0,0.10971697622149332,0.10221094159910404,0.10350625323412475,0.13576900505823522,0.07592697119776726,0.9999999999999998,0.0482221932487113,0.09664209933436506,0.06520538343316072,0.10635338331785904,1.0,0.02966358377777664,0.1000534622998113,0.10495946324207886,0.9999999999999999,0.05721796507878399,0.10256220678986198,1.0,0.08611060414635133,1.0000000000000002,1.0000000000000002,0.6896144136860348,0.670115738330933,1.2319350460624958,0.5708925029136367,0.8522745382080782,1.0000000000000002,0.3476880380600527,0.7086687917988638,0.3312669148276681,1.0496305510809034,1.0000000000000002,0.27706362397955137,0.24956473497258588,0.659764610820594,0.9999999999999999,0.384224508705363,0.32164314782644,0.9999999999999999,0.5321281521463336,1.0,1.062655391672181,0.6161164570565166,0.8591045618143112,0.9225732091347126,0.43409490960076946,0.5293414813797748,0.1215,0.287875,0.339625,0.035125,0.152125,0.039625
95,16,5,6-variate,1.0,0.2645661291559304,0.2690302738933909,0.25772737578510957,0.294742958801028,0.21807772232251751,1.0,0.19004511104027072,0.21127929271651316,0.19153044899841265,0.2581192507094935,1.0000000000000002,0.12460828994763243,0.22316253615066778,0.23425031367639604,0.9999999999999998,0.1589439257373995,0.22013945916022987,1.0,0.23839496283959524,1.0000000000000002,1.1927472352981567,0.7252373695373535,0.9945892095565796,0.974967896938324,0.4794789254665375,0.6302779912948608,1.0,0.12466379612161617,0.11709425356384444,0.12072065471423692,0.11801545691464899,0.09731071491209278,0.9999999999999998,0.07385188385449946,0.09955219954885863,0.07163558373685172,0.11099262007981214,1.0,0.03667222543567573,0.10404577172107077,0.10754398085542825,0.9999999999999998,0.0746129895611973,0.10311923661979523,1.0,0.09622262812199478,1.0000000000000002,1.0,0.8785719317255286,0.7750622975322048,1.4541758757347365,0.6250816646899423,1.1103733019674749,1.0,0.5773004245097886,0.8236952183551481,0.5588799694374168,1.1838044982228235,1.0000000000000002,0.43254259958152863,0.2567620640868868,0.6451740514575256,0.9999999999999999,0.4702081126166133,0.32255461429336857,1.0,0.6719658648513088,1.0000000000000002,1.054229422664253,0.6261452063079456,0.8758560896713259,0.9274051216205788,0.43161927812009654,0.5448332185042523,0.11175,0.292875,0.3465,0.031375,0.15025,0.043375
96,17,0,6-variate,1.0,0.011560424436170723,-0.011898621091496373,-0.005553868000673329,-0.03526762978730173,-0.021659051934909978,0.9999999999999998,0.07626728846125766,0.005496683386960261,-0.024225293699575705,-0.06171966087133191,1.0000000000000002,-0.011117774752255444,0.020811714673512366,-0.03849204457730355,1.0,-0.03915779056544793,-0.023138124545170526,1.0000000000000002,0.0012104146183615765,1.0000000000000002,0.8080595135688782,0.4023078382015228,0.5978176593780518,0.3213732838630676,0.3365730047225952,0.5737879276275635,0.9999999999999999,-0.0011404523600314547,-0.0002281982476487208,0.0007376159916362381,-0.006876151837213858,-0.010127478742174418,1.0000000000000002,0.033468624420280424,0.0015867171536676087,0.004348392650951159,-0.0336590095721708,0.9999999999999998,0.013235721288594373,0.01221445403006017,-0.01093073369628113,1.0000000000000002,-0.0076767396900634145,-0.0067507516144782245,0.9999999999999998,-0.005955476256510149,0.9999999999999998,1.0,0.03838990021519402,-0.034279366437733445,-0.031336497086347774,-0.07479450829193876,-0.11027994846761716,0.9999999999999999,0.23167720665227848,0.02142936317297852,-0.07068866514438836,-0.28306308798882346,1.0000000000000002,-0.038592289933386634,0.02394516678251811,-0.10601510036044069,1.0,-0.11584154960459225,-0.03390272557012458,1.0000000000000002,0.003411836741607883,1.0000000000000002,0.7820641983861303,0.3883029414395021,0.5741721478347562,0.3261074523130456,0.2988860960503544,0.5806256136652115,0.08075,0.293,0.32225,0.025,0.14425,0.0455
97,17,1,6-variate,1.0,0.13703489365485888,0.08376311550066526,0.08583146099555182,0.062013531267159035,0.06131399198100222,1.0,0.04935173811933897,0.0908443116167951,0.05297844892640919,0.06858597365241782,1.0000000000000002,0.05836796757851619,0.05564560966480399,0.11383959695171116,1.0000000000000002,0.07660155151101558,0.03237338837930812,1.0000000000000002,0.021274749857064845,1.0000000000000002,0.9240989089012146,0.43223899602890015,0.6632053256034851,0.3325439393520355,0.3184663951396942,0.646300196647644,1.0,0.0623105629434016,0.03412094083132435,0.030146340923890187,0.04565961371064731,0.03427403795672309,1.0,0.028987252567910043,0.012770656689124792,0.010723886452115028,0.025237857267157805,1.0,0.028321648986056144,0.03904452025547749,0.04844100481600889,1.0000000000000002,0.024283602215963134,0.028915866492505316,1.0000000000000002,0.022206222953409866,1.0,1.0,0.45506600956603543,0.24131712474751998,0.48428710062440167,0.13151642799789282,0.31218891037028507,1.0,0.1499158974803323,0.35416655909329314,0.1545896542087256,0.31455373493787747,1.0000000000000002,0.20260815493833734,0.06402365200138621,0.3135378605348773,1.0000000000000002,0.22661250572393535,0.04743442786446441,1.0000000000000002,0.05996728546520139,1.0000000000000002,0.8775331912850699,0.41643412163393345,0.6394506214618695,0.33566565937992515,0.30236005726225174,0.6488804103007583,0.09325,0.296375,0.321125,0.0285,0.140875,0.052875
98,17,2,6-variate,1.0,0.15207494436301025,0.16066078713854295,0.09348295120977018,0.18975258465197004,0.12364454305129167,1.0,0.06345244580156349,0.1151426209090577,0.07174779673811595,0.11200764513170738,1.0000000000000002,0.100403944554455,0.15083435623440636,0.17615223214958775,1.0000000000000002,0.03332881288690134,0.12098935141018023,0.9999999999999998,0.1267906907031705,1.0,1.0090672969818115,0.46133697032928467,0.7660099864006042,0.33381354808807373,0.3248751163482666,0.7332325577735901,1.0000000000000002,0.07999102522848539,0.06561971413414801,0.053111309365110076,0.07008111860036635,0.054687586168654836,1.0000000000000002,0.01755779235417448,0.031322205329795044,0.03552755787830217,0.059019676443926486,1.0,0.030522721237246996,0.05660138344650053,0.07576366468682828,0.9999999999999999,0.030624927705543363,0.060756808585963024,1.0000000000000002,0.043196722203219434,1.0000000000000002,1.0,0.5050108223391683,0.4628552710247409,0.5274590224220672,0.4024213564636635,0.6295537102514225,1.0,0.19274966313191022,0.44889613523396943,0.20935802191618963,0.5136973715236928,1.0000000000000002,0.34852426649331797,0.17354411338397915,0.48515967209461164,1.0000000000000002,0.09859761703679876,0.17727704173916584,0.9999999999999999,0.35738593156803633,1.0,0.9504626248122856,0.4277730090206252,0.6940926591161881,0.32990906466086223,0.3020108485705904,0.7043157995796796,0.1005,0.2915,0.332875,0.027625,0.14,0.0555
99,17,3,6-variate,0.9999999999999998,0.18092849712106682,0.21902899951362265,0.12410958106471875,0.23501040486138808,0.20252122948752427,1.0,0.06680187842247114,0.09237821334477082,0.12318628658933438,0.1890459372094017,0.9999999999999999,0.10785603594224182,0.20853396459108342,0.21388407260644246,1.0,0.08141346787835309,0.16952391900919564,1.0,0.14934470763746255,1.0,1.1031123399734497,0.4938545525074005,0.785542368888855,0.34285739064216614,0.3515789806842804,0.8020843267440796,1.0000000000000002,0.07847239548529399,0.09029371563434539,0.0645165491390461,0.09465895918953471,0.09269911240310644,0.9999999999999998,0.013271983114373028,0.03347265778314323,0.05023419116936615,0.08037508388601175,1.0000000000000002,0.02003777370565695,0.07693784116740127,0.09923388819046833,1.0,0.02641447193119515,0.07335175561399555,1.0,0.05874266955825197,1.0000000000000002,0.9999999999999999,0.600827852480561,0.6310111312283003,0.7002639030286,0.4984026103231986,1.031165560617124,1.0,0.20292423975521864,0.360146566093915,0.35945379721254744,0.8670155103791135,0.9999999999999999,0.37439198164340326,0.23993100322393934,0.5890810441820505,1.0,0.24084777544806524,0.24839126104088272,1.0,0.4209592488409084,1.0,1.019758033446252,0.43842555473642525,0.7163106737136715,0.3374707305785113,0.3143214270402337,0.7368138814089569,0.098,0.29425,0.32575,0.027,0.14175,0.058375
100,17,4,6-variate,1.0,0.17185217089772276,0.22535185345538686,0.1717177907012948,0.21438476175916066,0.24099355205858836,1.0,0.09722091830769158,0.09882994134306787,0.11838984276552075,0.2122929574420229,1.0000000000000002,0.10974783354416551,0.21920535848247116,0.2539901304311719,1.0,0.08582329238982694,0.18944294095021813,1.0,0.15518673538281827,1.0,1.1628611087799072,0.5286959409713745,0.8514399528503418,0.36184802651405334,0.3720971941947937,0.8791061639785767,1.0000000000000002,0.08508328575942635,0.10021093607935655,0.06631603967963748,0.10757080847353351,0.10887191155916268,1.0000000000000002,0.03417936646700611,0.04047536348661805,0.05657018450256095,0.09402711933479672,0.9999999999999999,0.029311575843270814,0.09420185837106194,0.11647220061172811,1.0000000000000002,0.025036946224958275,0.09180113727367746,1.0000000000000002,0.0669260878742961,0.9999999999999998,1.0,0.5706871633135262,0.6492268964223983,0.9688838629890467,0.45466049166507183,1.2270525590174157,1.0,0.29532814968111554,0.3852992999735613,0.3454578737001398,0.9736329413782998,1.0000000000000002,0.3809588011287251,0.25220915153857776,0.6995414497638461,1.0,0.25389349105708353,0.27757718555500144,1.0,0.43742606851077015,1.0,1.0439834185427088,0.44495277576965536,0.7232494128536762,0.34576998971415884,0.314025840199421,0.7649395051440038,0.101625,0.292,0.32825,0.0235,0.139625,0.065375
101,17,5,6-variate,1.0,0.1931173232685988,0.23687471755212236,0.16199381347018169,0.2635704649491227,0.24672302171435512,1.0,0.18026869794487033,0.1464990618057664,0.19974656470420524,0.2213061185006888,1.0000000000000002,0.1514275670073973,0.27256479994949345,0.30374891777833857,1.0000000000000002,0.08334134119503125,0.20776602635971037,1.0000000000000002,0.20259125504684025,1.0000000000000004,1.213470220565796,0.5375003218650818,0.8824847936630249,0.3618590235710144,0.39469629526138306,0.9031264185905457,1.0,0.09310342749104106,0.10469744404482417,0.07242913545711675,0.12113944870498583,0.11015174074980204,1.0000000000000002,0.07667760193957075,0.047794606486992824,0.08489709252179148,0.09506867861965683,1.0000000000000002,0.04297772794766886,0.12449265499792439,0.1382523179959223,1.0,0.023862300049171274,0.1005949167601459,1.0,0.08447453399666581,1.0000000000000002,1.0,0.6413046012558511,0.6824236648567954,0.9140181703978733,0.5589720503514243,1.2562249594524784,1.0,0.5476026600748741,0.571142545960678,0.5828542780956032,1.0149697302068739,1.0000000000000002,0.5256382060260676,0.31360234274432014,0.8365876095569904,1.0000000000000002,0.24655088914433126,0.30442467664161144,1.0000000000000002,0.5710457965618128,1.0000000000000002,1.0587452023986097,0.453390539808054,0.7325545297001829,0.3478462036395638,0.3257915382606591,0.7842095467689623,0.1055,0.296625,0.3235,0.026375,0.141,0.05975
102,18,0,6-variate,0.9999999999999999,0.03030396269909258,-0.050120497024535034,0.01127437952431411,0.017253101691439007,-0.00630102843147743,1.0000000000000002,-0.0030508876120325444,0.023157771520788368,-0.0014132548417522812,0.006744427773486097,0.9999999999999999,-0.04399781960775978,-0.0072428480557368705,0.014772050885284084,1.0,0.031323153477821636,0.0009260427994052062,0.9999999999999998,-0.02170300608324169,1.0,0.9214842915534973,0.4647534191608429,0.5113229751586914,0.5477124452590942,0.29534727334976196,0.5559491515159607,1.0,0.014713810145822898,-0.009737881430528448,0.008235754910292058,0.01197590513571296,0.0026959125593619413,1.0,0.009842556654351355,0.0034271561974043726,0.009415168211394178,0.0007400703691178253,1.0,-0.00010806973446148998,0.0059727245500182085,0.016967525983037125,1.0,0.0019854403495516695,-0.007007141378870342,1.0,-0.0010115021444109555,0.9999999999999999,0.9999999999999999,0.10063341678657416,-0.14439454459713857,0.06361341000597912,0.03658988349079106,-0.03208258887755756,1.0000000000000002,-0.009267737625983407,0.0902830613498132,-0.004123862744693375,0.030931843001309307,0.9999999999999999,-0.15272606964439586,-0.008333386619905575,0.040685214911717525,1.0,0.09266421982468094,0.0013568360003986097,0.9999999999999999,-0.06117440491364771,1.0,0.8986152308023972,0.48125527599175844,0.4990967327374972,0.5451803606017609,0.31404287894972593,0.5695044548744653,0.093375,0.29125,0.31575,0.0295,0.147375,0.04275
103,18,1,6-variate,1.0,0.07763537275309151,0.029670450511661135,0.07574880303350298,0.10091280928898318,0.04998524074758929,1.0,0.09116213448975617,0.03900535753319923,0.05109550448271929,0.07628579969346774,0.9999999999999999,-0.00404516730385552,0.07494135312777167,0.08356540396349504,1.0000000000000002,0.0691774211852438,0.08243239185349617,1.0000000000000002,0.05435531221938246,0.9999999999999998,1.0828105211257935,0.5121561288833618,0.5883753299713135,0.5960690379142761,0.33140993118286133,0.6263851523399353,1.0,0.05444268977569171,0.014652470623364017,0.033374521865339325,0.044696037941786504,0.02804485399467712,1.0000000000000002,0.03469971232435486,0.024644472020496046,0.030507979203315348,0.02853733443568246,1.0000000000000002,0.00576155326344768,0.05017493270255346,0.04967909232498369,1.0,0.018872072597982438,0.0477188313328308,1.0,0.0444647487793933,1.0,1.0,0.257811693611271,0.08547901517461272,0.42739746227327147,0.2140127759688739,0.2545068131376459,1.0,0.2769234239691885,0.1520666383566401,0.1490951197253815,0.3498671909682627,0.9999999999999999,-0.01404168477038808,0.08622459223026613,0.23015638652175266,1.0000000000000002,0.20464946339064766,0.12078229314481054,1.0000000000000002,0.153211678522618,0.9999999999999999,1.0374924291147727,0.5068035831150424,0.5375709306038551,0.5680353635323842,0.3238456396960817,0.6225949924460737,0.102125,0.29675,0.320875,0.029,0.153,0.047
104,18,2,6-variate,0.9999999999999998,0.18721090748475763,0.08385275602241729,0.11498717565577814,0.20730281071887596,0.15266715870078937,0.9999999999999999,0.04637266383710668,0.09089139090083494,0.10580837704707001,0.10551039451191078,0.9999999999999999,0.020040748509391595,0.09976899735767814,0.09874543880377264,0.9999999999999999,0.08778050407889308,0.07407826787897044,0.9999999999999998,0.1389319853173651,1.0000000000000002,1.1905373334884644,0.5722231864929199,0.6092755794525146,0.5611527562141418,0.34134337306022644,0.6867443323135376,1.0000000000000002,0.09017045597241356,0.025498604895440962,0.056271303793724026,0.09303717530641023,0.0679735146923866,1.0,0.03450287798303709,0.05340976744257302,0.048002177158287,0.05590821953115344,1.0000000000000002,0.008249002280587827,0.050901218853122675,0.060740031349736705,1.0,0.0334355735185072,0.04321148987409982,1.0,0.054096161882742175,0.9999999999999999,0.9999999999999999,0.6216903182933432,0.24157540181792195,0.6487924217109542,0.4396414076194776,0.7773264745243443,0.9999999999999999,0.14086635543816078,0.35435002621522743,0.30874566081899013,0.4838991665841935,0.9999999999999999,0.06956583912489649,0.11479027770715465,0.27196541844087363,0.9999999999999999,0.25968359990648326,0.10854160909307613,0.9999999999999999,0.3916087427237651,1.0000000000000002,1.1201957817509718,0.5259687123333573,0.5580072185435304,0.5652378933758377,0.32665955491320126,0.6495650458437124,0.114375,0.297375,0.318125,0.0305,0.14875,0.04825
105,18,3,6-variate,0.9999999999999999,0.2186313901479624,0.13458620828122422,0.15584032251577126,0.22347829072719094,0.21147751116773383,1.0,0.056250158018664814,0.13585619989128858,0.08210410494433504,0.1462858704474912,1.0000000000000002,0.04071020897624464,0.1518435622977013,0.14440883383249023,1.0000000000000002,0.12027569552250149,0.11953638277989169,1.0,0.1881023300777787,0.9999999999999999,1.2892533540725708,0.5837514400482178,0.6185316443443298,0.5921344757080078,0.319923996925354,0.7268627285957336,1.0,0.10024213682314942,0.059107742217702486,0.06479045909608172,0.11252278297241834,0.1002499581656605,1.0,0.030663938360646573,0.08105276996292839,0.05254627440267162,0.07257915332583526,1.0,0.02377581366453284,0.06274210543972343,0.06791156610123063,0.9999999999999998,0.056475266350401225,0.060646002098039255,1.0000000000000002,0.08566117464500358,0.9999999999999999,0.9999999999999999,0.7260317236788938,0.38773582273187646,0.8792984675367108,0.4739458625239224,1.0767671727481463,1.0,0.17087123948734945,0.5296503990913484,0.23957726376247454,0.6709064598346904,1.0000000000000002,0.14131409634234307,0.17470528766752608,0.3977318790172949,1.0000000000000002,0.3558148145892514,0.17514811590295876,1.0,0.5302054283238702,0.9999999999999999,1.1790454739247478,0.546626730685341,0.567526845460077,0.5751056861476362,0.32550930134000927,0.6773391961581746,0.118,0.28725,0.322625,0.03325,0.14625,0.05575
106,18,4,6-variate,1.0000000000000002,0.23440162046940696,0.11373712713370489,0.1660822457703568,0.23279668833877112,0.22478317501870326,1.0,0.15170924047090004,0.18407956419970362,0.1512564363915443,0.22935299951566937,1.0000000000000002,0.03944936146641075,0.16330902186606494,0.21417206452069992,1.0,0.12306540641810884,0.17033503405917308,1.0000000000000002,0.17013811479928984,1.0000000000000004,1.3526484966278076,0.6327579617500305,0.6538209319114685,0.5900827050209045,0.35462671518325806,0.7601943612098694,1.0,0.10780407843374559,0.05797081714061542,0.06607165379751669,0.10393773233258956,0.10639554142352624,1.0000000000000002,0.04302279972214283,0.07671617105204753,0.05190869021210981,0.09180550561093485,1.0,0.02916349130011951,0.06029585564809911,0.10035821360757603,1.0,0.058812600000287846,0.07614775544242271,0.9999999999999998,0.08186024679893726,0.9999999999999998,1.0000000000000002,0.778401548045572,0.3276706882202877,0.9370863149278114,0.4937080269868709,1.1445150699813929,1.0,0.4608474364813194,0.7176542622214493,0.4413618331375752,1.0518749989131106,1.0000000000000002,0.13693735481582317,0.1878968861444422,0.5898741107066479,1.0,0.36406781702884006,0.24957977168405723,1.0000000000000002,0.47956984082619675,1.0000000000000002,1.2066625736633607,0.5647576367862397,0.5867308306802335,0.5716831638967346,0.3377643103620173,0.684119904265832,0.12775,0.289125,0.32325,0.0305,0.147625,0.055125
107,18,5,6-variate,1.0,0.2589367660205129,0.1570006181403697,0.18373157867103115,0.27209926238507265,0.22554082271659112,1.0,0.10723815305984455,0.1786469822495997,0.14107226268408565,0.20428823286587006,1.0000000000000002,0.04099991758469017,0.1542156247592262,0.19872227648290725,0.9999999999999999,0.1582121866929458,0.16154637518264062,1.0000000000000002,0.1800737961033319,0.9999999999999999,1.3332178592681885,0.6219097971916199,0.7153593301773071,0.6116852164268494,0.3585600256919861,0.7654367685317993,1.0,0.12927322061410365,0.06981571018355838,0.0886392150373275,0.10640496933529854,0.09838878565568843,1.0,0.04438187339797978,0.07149341363531553,0.05360926537111701,0.09118463636388713,0.9999999999999999,0.020585245279898707,0.07469615028925869,0.10257999720369702,0.9999999999999999,0.05188225720403306,0.08617629226619049,1.0,0.08492088949550991,1.0,1.0,0.859877872748513,0.45231065243537105,1.0366693920078587,0.5770597045873401,1.148373039914115,1.0,0.3257575240826088,0.6964745124151481,0.41164449326940256,0.9369211112803043,1.0000000000000002,0.14231967708981477,0.17743445118805282,0.5473223647787567,0.9999999999999999,0.46804335926745466,0.23670234501096668,1.0000000000000002,0.5075753867641984,0.9999999999999999,1.214343878069837,0.5667901076923278,0.6146027140198517,0.5718731061747251,0.3429384255724415,0.6881278387144334,0.122875,0.297875,0.322375,0.031125,0.153875,0.051625
108,19,0,6-variate,0.9999999999999998,-0.051812844501746017,0.005581213399397579,-0.007896407888684422,0.014305926981181764,0.008649019241398066,1.0000000000000002,-0.021276499432092373,0.056343766673345334,0.021772077937456256,-0.019511748510325517,0.9999999999999998,-0.0004188662421147832,0.01303026780888402,-0.052211707170905196,0.9999999999999999,0.004824308568322906,0.047253251665679265,1.0000000000000002,0.012301979310798327,1.0000000000000002,0.5887194871902466,0.4311482906341553,0.47927504777908325,0.5602306127548218,0.37359270453453064,0.6095088124275208,1.0,-0.008846299413193735,0.0006971204356180669,0.00035581393135693,-0.0014291855670547759,-0.010555845623039288,1.0,-0.015029308348673038,0.004942835865018369,0.0007958953833586324,-0.015009956209264737,1.0,-0.00031577550742647586,-0.00533243096045312,-0.009146552290386056,1.0000000000000002,-0.01033035423196254,0.022542052379897284,1.0,0.015826598117937407,0.9999999999999999,0.9999999999999999,-0.17206039659591751,0.01607910542835733,-0.04455384620772578,0.030339542153169172,0.04403777290312932,1.0000000000000002,-0.06463170340741078,0.21966242410525677,0.06353023622970642,-0.0894860736165384,0.9999999999999999,-0.0014540079852943238,0.01499210384005816,-0.14380185136388665,0.9999999999999999,0.014271800109104888,0.06923682272843554,1.0000000000000002,0.034675639155876674,1.0000000000000002,0.5824990085308853,0.43250802517792764,0.466304971175622,0.5346451853894368,0.346912000115802,0.5994885882249646,0.08825,0.290875,0.315125,0.02775,0.150625,0.041
109,19,1,6-variate,0.9999999999999998,0.005242017794175091,0.03018460843799266,0.08566653976989588,0.02249807723194518,0.01735209332394491,1.0,0.049459349176856585,0.07252989632477311,-0.0024587293359145455,0.02515115775591009,0.9999999999999998,0.06587804303978637,0.07605416093945686,0.026350819015279636,1.0000000000000002,0.05635496087744458,0.07163142901253171,0.9999999999999998,0.12374335292399034,1.0,0.6709885597229004,0.5145182013511658,0.5117195844650269,0.5973852276802063,0.35827651619911194,0.6609561443328857,1.0,0.01749332901520123,0.02437524389342739,0.0500974611264994,0.014095036643708854,-0.003389602796113151,0.9999999999999998,0.013175248781885964,0.032366938718683735,0.004257076060430545,0.02352876571822141,1.0,0.03143925717293226,0.04784026429138301,0.0221905222853942,0.9999999999999998,0.03250671249812589,0.04934360242850877,1.0,0.06076496514325243,1.0,0.9999999999999999,0.01740773742120642,0.08696018567468566,0.48335653656089417,0.04771319878809128,0.08835065170670212,1.0,0.15024279975627117,0.28276583660419535,-0.007174563324934064,0.11534997325908047,0.9999999999999999,0.22867713636501014,0.08750489551877405,0.07257562959478403,1.0000000000000002,0.16671642720081736,0.10495645664237328,0.9999999999999999,0.3487964182494851,1.0,0.6306209148539703,0.4849558852734985,0.5054560830090378,0.5600022634097946,0.3546741095542969,0.6343219784863823,0.103375,0.29675,0.318,0.0255,0.14725,0.042375
110,19,2,6-variate,1.0,0.124059099867135,0.1480618246464177,0.1499890960973633,0.16136026686781332,0.12201426731220713,1.0,0.022116064968709128,0.09898493058785222,0.05908729664755525,0.08781365265679472,1.0000000000000002,0.10793119614920132,0.1794346026790788,0.1288490291601633,1.0,0.05903043335946194,0.16945084903387692,1.0000000000000002,0.13167407001435577,1.0000000000000002,0.7288179993629456,0.5301868915557861,0.5580732226371765,0.593298614025116,0.37713614106178284,0.7042057514190674,1.0,0.04443730077361417,0.056165458427364284,0.07523350492377012,0.05247924951851422,0.04180568489514518,1.0,0.028948760685751085,0.058544041846766814,0.041965285445926155,0.054914806214401576,1.0,0.04031839416104041,0.07197759183723333,0.06236669090829344,1.0,0.024821329466940593,0.09884272373616475,1.0,0.0781586961310713,1.0000000000000002,1.0,0.4119758011584298,0.42655830094471836,0.8462841687688724,0.342207869070013,0.6212525879555233,1.0,0.06718201082160684,0.3859037310681208,0.17241491584244642,0.4027369609481467,1.0000000000000002,0.3746528542893037,0.20645045573956947,0.35487698255264866,1.0,0.17463143240540932,0.2482842215655443,1.0000000000000002,0.37115083723528897,1.0000000000000002,0.6646860893028481,0.48867950235395924,0.5324488263348759,0.5662746556721729,0.3558248989159388,0.6597259623046168,0.09825,0.29525,0.330375,0.0255,0.15775,0.048125
111,19,3,6-variate,1.0000000000000002,0.19117386263028663,0.12665652487033874,0.19490756723400376,0.19663515677322638,0.14549944022111333,1.0,0.09135568193561369,0.17079196378083197,0.17945190067621716,0.17036882791677443,0.9999999999999998,0.09736881957545734,0.1957549071401136,0.18909873848318653,1.0000000000000002,0.11003263419198925,0.22097344536612704,1.0,0.19319534896437204,1.0000000000000002,0.7823240160942078,0.5711330771446228,0.6125296950340271,0.6424287557601929,0.3722648620605469,0.7856151461601257,1.0,0.08828640524202626,0.05749564507813109,0.07758398935289172,0.07377615156570756,0.06699970528981379,1.0,0.044334496970664966,0.07775193879500696,0.048845458137298375,0.07360120369996115,1.0,0.04085343317766055,0.08101450461049252,0.0865936173246627,0.9999999999999998,0.045195370577019146,0.10090775432253941,1.0,0.0920216731551611,0.9999999999999999,1.0000000000000002,0.6348506165050092,0.3648908198107865,1.099727735031535,0.4170176998272599,0.7408311504724947,1.0,0.2775113236961202,0.6658510985993498,0.5236352053777068,0.7813574088115358,0.9999999999999999,0.3379884461082364,0.22522781306521322,0.5208170268635788,1.0000000000000002,0.3255124935302295,0.32377671482657094,1.0,0.5445613760606798,1.0000000000000002,0.6922535436711446,0.5206506857059803,0.5477995804582724,0.5861140933959179,0.36095862813495616,0.678880098606956,0.1035,0.291625,0.326,0.0275,0.147625,0.0505
112,19,4,6-variate,0.9999999999999999,0.19750635623212523,0.2044726519144107,0.233678096237263,0.2002765098928362,0.15463426266695207,1.0000000000000002,0.10722497314786321,0.17547958884214623,0.16179376036633533,0.20366719039302636,1.0,0.11336721750444649,0.22066357879743217,0.23186507973274118,1.0000000000000002,0.11068861670587833,0.23063409754655492,0.9999999999999999,0.24126406184437565,0.9999999999999999,0.8323727250099182,0.5891584753990173,0.6226305365562439,0.6907550692558289,0.4127584397792816,0.815714418888092,1.0000000000000002,0.08986033221059948,0.08621299220128889,0.1076755393750629,0.08805432563040565,0.06909047254453501,0.9999999999999999,0.045481048372983515,0.0809185760935802,0.07387419378188956,0.08673536987008627,1.0000000000000002,0.03222004035135186,0.0974157208598958,0.09791622514437374,1.0000000000000002,0.035778543178016986,0.09830735702599362,1.0,0.0941279281766767,1.0,0.9999999999999999,0.6558795820979296,0.5890749498259075,1.3184825906125874,0.4247401976303967,0.7873419090122854,1.0000000000000002,0.32571744663217145,0.6841264109689751,0.47210928732997026,0.9340728422919274,1.0,0.39352259499976083,0.2538868448284653,0.6386045188036803,1.0000000000000002,0.32745315156912735,0.3379316869613053,0.9999999999999999,0.6800529456969958,0.9999999999999999,0.715425418924702,0.5232892298242178,0.5531083148979886,0.6019489479189494,0.3757937734178774,0.6907101862088563,0.10325,0.28475,0.33175,0.027875,0.154625,0.051625
113,19,5,6-variate,0.9999999999999999,0.224269533368114,0.17463742453816528,0.2812357147829044,0.25350529091781737,0.17128233103515944,1.0,0.13826377378052773,0.1985712324233346,0.18608719924354808,0.23582305095542466,1.0,0.0596950034691659,0.16281564979843433,0.2068007173055447,0.9999999999999999,0.17831670447980777,0.22110297162916892,1.0,0.19804881693260135,1.0000000000000002,0.8234639763832092,0.6027027368545532,0.619789719581604,0.6685031056404114,0.40820273756980896,0.8158403038978577,0.9999999999999998,0.09765242770314335,0.07203479540711642,0.12772145208688288,0.10332740839827957,0.07026852441734593,0.9999999999999998,0.06451089148369094,0.08182575269377867,0.08509788952823999,0.10868956309948513,1.0,0.027096592810963455,0.07198632695848818,0.10098499495878303,1.0000000000000002,0.05927203239025021,0.09590023660323996,1.0,0.0966503621517512,1.0000000000000002,0.9999999999999999,0.7447548852418552,0.5031213408512153,1.5868169845346922,0.5376261965963658,0.872108074327504,1.0,0.4200041498616092,0.774151571439651,0.5429968054218082,1.0815482052414247,1.0,0.2072143293579283,0.18732928575595248,0.5695720662869392,0.9999999999999999,0.5275192000531749,0.32396646734729,1.0,0.5582418113712123,1.0000000000000002,0.7073576062839584,0.5232693895931557,0.5523259176474847,0.5991753173371709,0.3593150358410341,0.7027176884660997,0.10525,0.306,0.323,0.02775,0.15275,0.049125
114,20,0,6-variate,0.9999999999999998,-0.00044855121543154434,0.02104783518536336,-0.03514016652478901,-0.03734480345150609,-0.0027193967004395057,1.0,-0.04342925068395683,0.03523136510268212,-0.0144754277176274,0.007012287197310608,1.0,0.03967487434539208,0.03917176336901301,0.047234560737264245,1.0000000000000002,0.040093687130626346,0.026323485005209705,0.9999999999999998,0.01702174881666623,1.0,0.5563101172447205,0.3982475996017456,0.5310545563697815,0.39150184392929077,0.2834275960922241,0.5931779146194458,0.9999999999999998,-0.0006610993276528864,0.004126604836992708,-0.0123938356055545,-0.0031839234339174315,-0.01326564749887459,1.0000000000000002,-0.021016517582127765,0.007512398132553547,0.0042354922500939295,0.008455411088443866,0.9999999999999999,0.015464459628159155,0.011718654079118047,0.015582361483656345,1.0,0.014523711157173536,0.0034184031881641023,1.0000000000000002,0.0020587984793376903,0.9999999999999998,0.9999999999999999,-0.001489459151507528,0.06063768205035852,-0.19827172645765737,-0.0791996338283783,-0.01384625467883581,1.0,-0.13192509947931483,0.13735326496359693,-0.04223891986596509,0.03216027159988839,1.0,0.13772013398862504,0.04506950056570932,0.13009375851947255,1.0000000000000002,0.11861044508298722,0.0385698903679952,0.9999999999999999,0.047979309772737025,1.0,0.536554040933437,0.3681373457043505,0.5493325663056381,0.408706106279242,0.27759702277549103,0.5962865107366183,0.090375,0.29275,0.32175,0.021125,0.147125,0.037875
115,20,1,6-variate,0.9999999999999998,0.0405686515605944,0.03841258884353625,0.07143365564191409,0.019241504021152288,0.0497960276121001,0.9999999999999998,0.010255784240254341,0.126445431465089,0.06961888781145256,0.0358633375077173,1.0,0.06021627243704993,0.14504463892341204,0.12777625453488364,1.0,0.05971701818162363,0.06633177935830571,1.0,0.04694683700417201,1.0,0.6068899631500244,0.41881829500198364,0.6388712525367737,0.42012590169906616,0.2950524687767029,0.6455585956573486,1.0,0.02321842229989455,0.021461998055900135,0.027771891062040217,0.032557548220069205,0.02642281020408202,1.0,0.009667239064200552,0.03807020211921021,0.014882882245933976,0.014073031908228343,1.0000000000000002,0.006073192603421926,0.057846594237693935,0.0442434214636206,0.9999999999999998,0.03305623603016587,0.040095616306288384,1.0000000000000002,0.03076007081888797,1.0,0.9999999999999999,0.1347205391201806,0.11066462373292174,0.40305043664488827,0.0408067603685589,0.2535435072489439,0.9999999999999999,0.03115413445923734,0.49296113337759334,0.2031458193227383,0.1644789357273308,1.0,0.20902393873182473,0.16688263498295755,0.35192240186502544,1.0,0.17666249358201996,0.0971912024351141,1.0,0.13232941593242745,1.0,0.5711578662583859,0.3786977775813681,0.6058208870505688,0.41811863252409903,0.28495084708695295,0.6261365349539307,0.092875,0.29925,0.3275,0.025375,0.148125,0.037125
116,20,2,6-variate,0.9999999999999999,0.08061382091016124,0.10435990138847503,0.04413380490080391,0.0846248057988656,0.06858594157397069,1.0000000000000002,0.0454143115030943,0.072004945932572,0.07481081867880252,0.1229764363235639,0.9999999999999999,0.058698874168046214,0.17993687661961522,0.13432511195898583,1.0,0.08116769127452994,0.08708084403553344,1.0,0.10610036696075337,1.0,0.6574331521987915,0.39960888028144836,0.7135397791862488,0.4230184257030487,0.295126348733902,0.6723954677581787,0.9999999999999999,0.04989268854854126,0.05226163765718015,0.02770826365693539,0.038930298598933356,0.04783990038467482,0.9999999999999998,0.028915151674957753,0.04080980685551533,0.047792374719616934,0.05325373968928818,1.0,0.029862202177463697,0.07046445471302683,0.06775095838077497,0.9999999999999998,0.042375097192570294,0.05634860926297995,1.0,0.04386580096317529,0.9999999999999998,0.9999999999999999,0.2677026471897648,0.3006553517343021,0.24901635439356865,0.17946965801769152,0.3492148805496301,1.0000000000000002,0.13795513682144414,0.2807190846637466,0.2182957165449823,0.5640032176643571,0.9999999999999999,0.20375676075883792,0.20702827770996604,0.36995918797078503,1.0,0.240120561635118,0.12759333714972512,1.0,0.29906589266377853,1.0,0.588115019829196,0.3862066003951165,0.6500990377481516,0.4178424206956539,0.29428168434660523,0.6562372594624754,0.094375,0.29725,0.328,0.023,0.152625,0.0415
117,20,3,6-variate,0.9999999999999999,0.06770558282477368,0.19687219466921224,0.10099141421874105,0.14502073804393575,0.07466956043440644,0.9999999999999999,0.09174038821425035,0.09361030612267202,0.0628718501866163,0.14336274496788937,1.0,0.06947042027488044,0.17582309203007138,0.11546213941249443,1.0000000000000002,0.09272139258572974,0.11439956180895076,1.0,0.12813875244379672,1.0,0.6951817870140076,0.41010093688964844,0.7159512639045715,0.40954655408859253,0.32412803173065186,0.732467770576477,1.0,0.035585979233800046,0.08487423819228951,0.029141849873270724,0.05864074488384886,0.03141329031061932,1.0000000000000002,0.043257442665266384,0.043074417363135505,0.04280405468273244,0.06260558805705978,1.0000000000000002,0.038126922624658346,0.09116558363816257,0.07214473794084623,1.0,0.04971621633350516,0.06106777924525337,1.0000000000000002,0.07143914480704576,1.0,0.9999999999999999,0.22483681675914988,0.5671785507415333,0.5698241931564925,0.3075554740306095,0.3801906733714201,0.9999999999999999,0.2786799867664058,0.364949943638806,0.18345828680350484,0.6575003316808419,1.0,0.24114704178020122,0.2022951558199734,0.3180066223164,1.0000000000000002,0.27430020980708797,0.16762149536429122,1.0,0.36118565968663313,1.0,0.6147392461985094,0.3944327620623596,0.6536937490460755,0.4178350567009791,0.2984275967889239,0.6875082476235621,0.099,0.29475,0.334,0.02225,0.155375,0.044625
118,20,4,6-variate,0.9999999999999997,0.0781015103348102,0.17472639155195238,0.15823406358058972,0.19445668155126444,0.09644016956835481,1.0000000000000002,0.057036679761922594,0.11951009972452194,0.08364315686559132,0.14115152975166542,1.0,0.07960212736360765,0.1626133407811499,0.15550734344683848,1.0000000000000002,0.14259049968164583,0.1601123804330772,1.0,0.19477922686664995,1.0,0.7018201947212219,0.424826443195343,0.7666174173355103,0.4194391369819641,0.31791937351226807,0.7954995632171631,1.0000000000000002,0.02800145455807462,0.07591285795513553,0.06134158825153048,0.0845550455145909,0.0344883647638473,0.9999999999999999,0.04125308049782922,0.05332478924899007,0.049385774835768594,0.08385166363133977,1.0000000000000002,0.03646482371085752,0.07579980708758698,0.0744842822084842,1.0,0.05578424565996485,0.07981391904602735,1.0000000000000002,0.08428507180566376,1.0,0.9999999999999999,0.2593597110274591,0.5033775315442027,0.8928046619822166,0.4123978538187197,0.49103873562399847,1.0000000000000002,0.17326036005349352,0.46592319196184473,0.24406822533856967,0.6473591566833437,1.0,0.2763165571664019,0.18709649924760413,0.42829947634535465,1.0000000000000002,0.42182941821520537,0.2346012845293655,1.0,0.5490258688057409,1.0,0.609299624702821,0.402774411782377,0.6763218084096069,0.41691095730674294,0.2996336746506202,0.7105916935559558,0.093375,0.299,0.343,0.02425,0.157375,0.0455
119,20,5,6-variate,0.9999999999999998,0.102946139583936,0.13915438694205443,0.14091262182700373,0.1956729042563041,0.11176038889810562,1.0,0.12283315258028525,0.12195990213261954,0.15878061220967507,0.19766975324809183,0.9999999999999998,0.057156383197772664,0.14875713590850065,0.19632729553963432,1.0,0.07337753953029058,0.16440909867772668,1.0,0.22719183933625,1.0,0.6936252117156982,0.48447656631469727,0.7631832361221313,0.4424700140953064,0.3217324912548065,0.8283266425132751,1.0,0.05441152115154357,0.06389068679528538,0.06703106061414113,0.08879643638659142,0.04594857600926027,0.9999999999999998,0.04408568848480481,0.05387347325234101,0.06404387145633472,0.09930339369958005,1.0,0.027284200861693884,0.07070264154898416,0.10008195884441236,1.0,0.06369559541836375,0.09621452332988445,1.0,0.09552595458580694,0.9999999999999999,0.9999999999999999,0.3418638243924171,0.40089659489176754,0.7950719077089584,0.4149770807720269,0.5690435357213077,1.0,0.37313066900149566,0.47547401453071303,0.46331717756369867,0.9065667692328986,0.9999999999999999,0.198402275380728,0.17115411063931701,0.5407260905377814,1.0,0.21707470111923233,0.2408969394285512,1.0,0.6403876088009924,1.0,0.6150755241694553,0.4138699848224669,0.6833784477748068,0.4309089660619255,0.30227005231672754,0.7313627293436149,0.095875,0.29825,0.33825,0.026875,0.147,0.0475
120,21,0,6-variate,1.0,0.0018082285159854749,-0.06775926800567329,0.04087135926151675,-0.0281224469471915,0.015990899851393237,1.0000000000000002,-0.06162392496550107,0.012655363478073781,0.033486614020731185,0.024249175021872047,1.0000000000000002,0.04124972277182687,-0.012005247325555442,-0.009291096650737274,1.0000000000000002,-0.03715318892595636,-0.035453970222655264,1.0,-0.03419500533652657,0.9999999999999998,0.6409119367599487,0.43347084522247314,0.5609650015830994,0.7502903342247009,0.2800459861755371,0.5793105363845825,1.0,0.0022944963829987434,-0.022003325755611827,0.007341920509319339,-0.018314116322977657,0.005577614570650778,1.0000000000000002,-0.02936658978669448,0.003488571229408666,-0.0016123356394160595,0.0164683624509105,0.9999999999999999,0.02113282631439186,0.0011372565148093671,0.003155878554507197,0.9999999999999998,-0.004896675516658603,-0.01312713069795395,0.9999999999999998,-0.009935328574899524,1.0000000000000002,1.0,0.006004832955871337,-0.19521083346939105,0.23060842476125767,-0.05964123009439028,0.08141986077135796,1.0000000000000002,-0.18719510060810057,0.0493383215408265,0.09771293223294053,0.11121326612150506,1.0000000000000002,0.14318678517584515,-0.013812733063715459,-0.025589622914264785,1.0000000000000002,-0.10991126225717102,-0.051948168720592436,1.0,-0.09638568081937539,0.9999999999999999,0.6572274851087033,0.43509416017055824,0.575532609657228,0.7449265702337,0.2747060272415802,0.5682195305131236,0.072,0.2945,0.31075,0.02725,0.145875,0.03975
121,21,1,6-variate,1.0,0.052328913560609314,0.06009168171612526,0.04965090626639348,0.10162900293173728,0.02632803263362046,0.9999999999999998,-0.01753707961703633,0.05777909888622004,-0.0007213723073297897,0.051156266285532055,1.0,0.03752240181181743,0.07052597880564922,0.07152691523960653,1.0,0.0036960706772688236,0.08463163491003925,1.0,0.0344242020110419,1.0,0.7848923802375793,0.47750169038772583,0.6433480978012085,0.8146803379058838,0.2777141332626343,0.6199073791503906,1.0,0.031200472755051903,0.03846329617580194,0.03239381420467099,0.032823034449694685,0.015674857165284748,1.0000000000000002,0.001290964668257693,0.03245630603249292,0.01716809642910091,0.022272758868725217,0.9999999999999999,0.025362452077049836,0.024656156418570687,0.027649503486205106,1.0,0.009784730027092202,0.04062857024366831,1.0,0.024895598844471525,1.0000000000000002,1.0,0.1737740611669007,0.1731209298218538,0.28014536882291546,0.21553154620078208,0.13405294840493104,0.9999999999999999,-0.05327239728471906,0.22525820489163,-0.0021050187807258747,0.23461632839436083,1.0,0.1302485043064026,0.08114439046097212,0.1969999268823737,1.0,0.010934262608849601,0.12400471137011854,1.0,0.09703177824038156,1.0,0.7603563897931547,0.46003824846110486,0.6231027862204558,0.7898665850255678,0.278051074939825,0.5947130578515601,0.089625,0.29675,0.309875,0.0275,0.147125,0.046875
122,21,2,6-variate,0.9999999999999998,0.12716911459565516,0.12537956547213658,0.1641647017191859,0.11900211082340077,0.14657274502718434,0.9999999999999998,0.10925554569840763,0.12588477975101364,0.07385097162819199,0.13012042654021658,1.0,0.10189722880159457,0.12072644626800218,0.13519583793861933,1.0,0.06773822415033329,0.17072454354613129,1.0,0.1382166035051488,0.9999999999999999,0.8783645033836365,0.5135215520858765,0.7515912652015686,0.8878655433654785,0.3008759617805481,0.7002651691436768,0.9999999999999998,0.05839578583656038,0.0692516905754307,0.06842223479228152,0.04328467012969074,0.06124393026125378,1.0000000000000002,0.030489108995921776,0.0455862997615945,0.028085870782588333,0.048500573850436705,0.9999999999999998,0.031843486844122464,0.05377358905657081,0.06470939524820787,0.9999999999999999,0.04329332851665441,0.07396915852132041,1.0000000000000002,0.041731849689498834,1.0000000000000002,0.9999999999999999,0.422303472970982,0.3612118873584243,0.9262670438429422,0.25237600881092187,0.7462956457449357,0.9999999999999999,0.331885868641207,0.49077557910338954,0.21549481316232266,0.596767363419053,1.0,0.3537076618607145,0.13890311549748052,0.37235734924869557,1.0,0.2003917620190755,0.25015040907350855,1.0,0.3895923358112908,0.9999999999999999,0.8037626769266244,0.4819177704936311,0.6894871211352626,0.8204376771159221,0.2791677425885444,0.6260987565141408,0.09225,0.3045,0.31925,0.031875,0.15225,0.049625
123,21,3,6-variate,0.9999999999999998,0.2147422851935202,0.14667517918807813,0.13747522638669837,0.19099310198358285,0.18657102067988182,1.0,0.09488884017019741,0.10453352539005584,0.10490830234927472,0.18608812606138292,1.0,0.09236110403365415,0.1801481617750014,0.15162770102169784,1.0000000000000002,0.09793973491491015,0.22988789120730527,0.9999999999999998,0.17879175007761897,1.0,0.9058167934417725,0.5757945775985718,0.796294093132019,0.8844184875488281,0.31208091974258423,0.7184563875198364,1.0000000000000002,0.09117307689006948,0.07889951112186325,0.06736230036057306,0.06850649564088565,0.07810719461340414,0.9999999999999998,0.03582304873917011,0.05828100744030445,0.04246722516769195,0.0795383706511697,1.0000000000000002,0.025974671701187994,0.07314939376531172,0.0656777705014792,0.9999999999999998,0.039752620921120745,0.10027138573198306,1.0,0.07167182323432712,1.0,0.9999999999999999,0.7131166361774345,0.42256351526004643,0.7756769281904912,0.4050522643814402,0.9499527756611179,1.0,0.28824402486149014,0.40753533855704827,0.3061191429711679,0.85345056612903,1.0,0.3206057728540582,0.20727146307450897,0.41761410933194815,1.0000000000000002,0.2897377634100271,0.3368383240556191,0.9999999999999999,0.5039617045254723,1.0,0.8480851444926877,0.502012678306184,0.7297774181546641,0.8343462688877035,0.2881284274161784,0.6419038371302902,0.09,0.3005,0.31125,0.0275,0.1465,0.049375
124,21,4,6-variate,1.0,0.2556055862749054,0.1866360832009259,0.17260220785019703,0.11329136588054985,0.22521933772769748,0.9999999999999999,0.10711926417943397,0.21583144008098443,0.10668569703735978,0.2145278298571722,1.0,0.07385518872860004,0.17462897453649953,0.17155286054384508,1.0000000000000002,0.06814064846951758,0.23223126424100612,1.0000000000000002,0.18568036824064293,0.9999999999999999,0.9617066383361816,0.5606508851051331,0.8207398056983948,0.8721294403076172,0.28897154331207275,0.7416074275970459,1.0000000000000002,0.1178143132668365,0.08985354358496414,0.07526833447952704,0.05014421580380891,0.09126961134893359,0.9999999999999998,0.03833858363745684,0.07653624638110824,0.058640897231780245,0.10172623816470633,1.0,0.026148094061800926,0.09108232662045702,0.08066238908872714,1.0000000000000002,0.033782471067012584,0.10618947290850876,1.0,0.08725243193532994,0.9999999999999999,1.0,0.8488156688111241,0.5376888367597652,0.973873921012318,0.24026480768848046,1.1467359285687173,0.9999999999999999,0.32539637565354174,0.8414426360424456,0.31130573738104067,0.983882675633956,1.0,0.2563676198089906,0.20092125105217332,0.4724920004836079,1.0000000000000002,0.2015823502156238,0.34027179276331615,1.0000000000000002,0.5233786170853828,0.9999999999999999,0.8714070653027993,0.5025407229880691,0.7265900622775431,0.830505377781142,0.28950397213570267,0.6531378149875697,0.0975,0.3,0.314875,0.0285,0.145375,0.0495
125,21,5,6-variate,1.0000000000000002,0.24558100808084404,0.2346593872029636,0.23016136756536523,0.2225891049791826,0.21257682755705726,0.9999999999999999,0.08826419812393613,0.17569936925869484,0.15258986110579523,0.23129637340446607,1.0,0.11254634703769696,0.21693170513267382,0.1827357364117194,0.9999999999999999,0.12166170172677769,0.27599024766393104,1.0,0.22608159320761603,1.0,1.029053807258606,0.5558544993400574,0.872959554195404,0.9182577133178711,0.33178234100341797,0.7845619320869446,1.0,0.11530342639460331,0.11235222198377783,0.10171728065871728,0.08202589104729796,0.08495890683539718,1.0000000000000002,0.03672236531531613,0.06873187120289781,0.05222900191217027,0.09947907361841965,1.0000000000000002,0.03665391288115698,0.0993003542761682,0.08592309958812025,1.0000000000000002,0.036733868984753434,0.1343062561537039,1.0,0.086027327914544,1.0000000000000002,1.0000000000000002,0.8155263509851872,0.6760413234684554,1.2986401650909507,0.47206005581892213,1.0823646413559218,0.9999999999999999,0.26812033609834357,0.6849832847372148,0.44525253771554935,1.0607877428671826,1.0,0.3906730841466645,0.24959308236594188,0.5032921177865658,0.9999999999999999,0.3599151906709464,0.40438879175879183,1.0,0.637258190927536,1.0,0.9000146237105754,0.4967953772286399,0.7623234873749131,0.8333648480618085,0.29268182224888745,0.6776110058444709,0.09825,0.306375,0.3205,0.033,0.149625,0.049
126,22,0,6-variate,0.9999999999999998,0.024395912330762853,-0.005940869952168206,0.04945397003608173,0.04262098869908371,-0.01759143427871664,0.9999999999999998,0.015160996451856314,-5.0685880476703455e-05,0.08775138308783208,-0.015752150354596664,1.0000000000000002,0.010123367245186475,-0.10380581993085375,-0.011231425027951979,1.0000000000000002,0.010044334843958558,-0.029533270846410296,1.0000000000000002,-0.02635625778246603,0.9999999999999998,0.8216103911399841,0.4405367076396942,0.5666036605834961,0.5684399604797363,0.2547818422317505,0.6045085787773132,1.0,0.010842363081909667,0.004003596601652328,0.025278090044059603,0.02059613906151367,-0.009680097158731055,0.9999999999999999,0.0018660546915413195,-0.0008765702177337141,0.022816049507861685,-0.018289672251980225,1.0,0.005532649784612906,-0.013284890992918318,0.005965887217916494,1.0000000000000002,0.01265184803581743,-0.01090772829534609,1.0000000000000002,-0.004928658508010164,1.0000000000000002,0.9999999999999999,0.08101402840629288,-0.01711532166392519,0.2790341769891888,0.09038932861916343,-0.08956928153776612,0.9999999999999999,0.04605460707816857,-0.00019760929398554073,0.2560558753193775,-0.07224354153989222,1.0000000000000002,0.035140410968190865,-0.11943488371502833,-0.030933632307009396,1.0000000000000002,0.029714473023785024,-0.043272975894104525,1.0000000000000002,-0.07429058967861304,0.9999999999999999,0.8225656364983341,0.46926716102519767,0.5544297008188707,0.5890056359566808,0.25464496038694867,0.6077589762699305,0.088375,0.296625,0.324125,0.02175,0.145625,0.03975
127,22,1,6-variate,1.0000000000000002,0.09717997024465935,0.07235208827010636,0.10124600229409149,0.09213566573145913,0.03543601299069273,1.0000000000000002,0.10295073773260266,0.07322919216316827,0.058206225942619844,0.034079729176520246,0.9999999999999999,0.03981092416153021,0.0759614073983554,0.14343915464603574,0.9999999999999998,0.060751849233893124,0.08888416013798613,1.0000000000000002,0.07127965371128521,0.9999999999999999,0.9778745770454407,0.5123854279518127,0.6311224102973938,0.6152927279472351,0.27350589632987976,0.7080198526382446,1.0,0.044332717132151304,0.020517222212389358,0.047478800345297674,0.04048593187910677,0.012768163729696722,0.9999999999999998,0.028610554759396136,0.01744757704101253,0.020399621551243023,0.022604405692612652,0.9999999999999999,0.015256122880381837,0.013483940738437407,0.05745374966558737,1.0,0.038064431080533666,0.041677715543084304,1.0,0.022570387950469728,1.0,1.0000000000000002,0.32271544343238623,0.20844264819750594,0.5712603311292136,0.19539848688017367,0.18042756855988049,1.0000000000000002,0.3127336875606618,0.28549190964669674,0.16984397351067151,0.15629874333263769,0.9999999999999999,0.13819241833316884,0.08739820665569645,0.3950612121224531,0.9999999999999999,0.1797238223836965,0.13023563433920152,1.0000000000000002,0.20091657671969979,0.9999999999999999,0.9409321708785839,0.5013575037803922,0.6029293962403015,0.6152253199105181,0.26557696933191716,0.6701933268732495,0.102875,0.29975,0.32625,0.020375,0.14375,0.050875
128,22,2,6-variate,0.9999999999999998,0.16444423302111788,0.12119326105172318,0.15421873104511727,0.11626548566762814,0.0890737949079353,1.0,0.12085484477004721,0.06809377652554188,0.070611639257378,0.1152424104602015,1.0,0.10951000662876473,0.10225493807607929,0.17919856408649673,1.0,0.08615259452455395,0.15716594457364744,0.9999999999999998,0.13088081834975582,1.0,1.0606541633605957,0.5230704545974731,0.6999504566192627,0.6458979845046997,0.2942676544189453,0.762070894241333,1.0,0.07627296404994963,0.05734913321193502,0.06817361338845558,0.055301557052104676,0.041410609369428135,1.0,0.040671774961838686,0.02978777047459157,0.033547107396521114,0.04958711113764046,1.0,0.03722719174295566,0.048605586416948086,0.07278607307473034,1.0,0.03144040645837157,0.07619438678955542,1.0,0.046712167004781605,1.0,0.9999999999999999,0.5460867963370856,0.34915139283582763,0.8701486571885625,0.2465722567809094,0.4535317945991315,1.0,0.3671210104164617,0.2654710586871215,0.2060426224813675,0.528532712004332,1.0,0.38013332867137234,0.11765051297936086,0.493550011587227,1.0,0.25486755921763193,0.2302839822591508,0.9999999999999999,0.36891476272286006,1.0,1.0055624533784278,0.5108231987491116,0.6297485782439801,0.631553307187481,0.2691572653626287,0.7036458455495022,0.105125,0.302,0.324125,0.0255,0.14125,0.046875
129,22,3,6-variate,1.0,0.15682632817580647,0.17742632601051334,0.1782943780908528,0.14541364828429676,0.1381350216731189,0.9999999999999999,0.10280403932999203,0.11268535570433805,0.14711178416967133,0.15561736910026602,0.9999999999999999,0.06399893746976909,0.1845635166417663,0.20282525587423636,1.0,0.0932616690003291,0.2011403416521953,1.0,0.12799711150784843,0.9999999999999998,1.1436811685562134,0.555343508720398,0.7596568465232849,0.6788113117218018,0.2915874719619751,0.8123780488967896,1.0000000000000002,0.0782258573031635,0.0752177267874567,0.06991406091042097,0.06654824522448739,0.058562841232510585,0.9999999999999998,0.03566009016346381,0.036863171541084226,0.04673131584123813,0.0668628543696668,1.0,0.025975028115099153,0.08091963116194227,0.09847906239904859,1.0000000000000002,0.04781508382217801,0.09451626839170435,1.0,0.05400058777808649,0.9999999999999997,1.0,0.5207893654325424,0.5111559599497081,1.0059910593660206,0.3083888279425592,0.7033338087958559,0.9999999999999999,0.31228793708533614,0.43931618112731086,0.4292676178776982,0.7137033872095329,0.9999999999999999,0.2221544028120719,0.2123515456737768,0.5586229254737187,1.0,0.27589865368299193,0.2947165614822121,1.0,0.3607865445296168,0.9999999999999999,1.0519981726465006,0.5295024883391549,0.6690655870561936,0.6511611209149396,0.2701358688287349,0.7301790657396291,0.111,0.30025,0.328,0.026625,0.146625,0.05125
130,22,4,6-variate,1.0,0.1725681710177349,0.215861402176167,0.15964054852673407,0.17704201971515995,0.1633075892972281,1.0,0.10000223532841655,0.18614202696530527,0.11281465667450762,0.18976544996394604,1.0,0.06522292287794217,0.1750681876366164,0.19534155939543493,1.0,0.07655166038552766,0.22868784430879624,1.0000000000000002,0.1513913856694321,1.0,1.1976637840270996,0.621731162071228,0.7713713645935059,0.6782132387161255,0.2830902338027954,0.8324972987174988,1.0,0.07509973071776371,0.1025227150316517,0.08233958000416891,0.07521667867732985,0.06159421338487874,1.0000000000000002,0.05320808180092335,0.057160552909879966,0.0477677500261597,0.09432293516911504,0.9999999999999998,0.027064218266248916,0.07768982228593742,0.0939580177869983,1.0,0.037215795886494506,0.10265743297283927,0.9999999999999998,0.055063174881218854,0.9999999999999998,1.0,0.5730649731774402,0.6218854029526066,0.9007402126253602,0.3754653215304112,0.831503555354097,1.0,0.3037770938904994,0.7256949569120635,0.32918972184225803,0.8703156073751745,1.0,0.22640310635300132,0.2014266107684893,0.5380111687532702,1.0,0.22646487757342273,0.33508001001783433,1.0000000000000002,0.426728114880028,1.0,1.0931138735695058,0.5537170010803724,0.6785218461505819,0.6526266458242149,0.2647763135532225,0.7368651451930465,0.11675,0.299125,0.331,0.025625,0.138125,0.0495
131,22,5,6-variate,1.0,0.1975233345347589,0.2235596804522309,0.2140409368456181,0.19993189216669607,0.16577551945160005,1.0,0.12440143090979093,0.1270889343264632,0.1251589174829985,0.19981159016728003,0.9999999999999999,0.08045490515838732,0.18199737311188097,0.19631919183856525,0.9999999999999998,0.1596985562295209,0.18611025629131886,1.0,0.2025325418623645,1.0,1.2081505060195923,0.5832591652870178,0.7798711061477661,0.6749243140220642,0.2745339274406433,0.8240653872489929,1.0,0.0863629160685587,0.11000284989557317,0.09772311708233268,0.08483209283442067,0.06400875794735203,1.0,0.045968492542610484,0.0662430241764673,0.04821251115501557,0.10054871349742364,0.9999999999999999,0.02022858887835926,0.07598707443130066,0.10178640488397217,1.0000000000000002,0.03941556604257281,0.09390971804661058,0.9999999999999998,0.07891027685318186,0.9999999999999999,1.0,0.6559360343545356,0.6440639166968432,1.207683519153231,0.4240093430674427,0.8440692927384282,1.0,0.37789448242438267,0.49547024627500263,0.3652099536919801,0.9163901168650483,0.9999999999999999,0.27927663973309075,0.2093990785972704,0.5407036176803922,0.9999999999999999,0.47244062118354957,0.27269404995288354,1.0,0.5708800280608477,1.0,1.1211467401531456,0.5496375935244592,0.6768021378362917,0.6511112878625602,0.2715859739642467,0.757022258754657,0.1205,0.303125,0.32775,0.024125,0.141375,0.049875
132,23,0,6-variate,1.0,0.03066263397443907,0.020832093369231974,0.0005454791176306074,0.0009406325532632459,-0.006793009831764521,0.9999999999999999,-0.009161171149645814,0.023021742972680493,0.0021437506892801952,-0.02083288822519374,0.9999999999999999,0.0012450817634715979,-0.019486167127098657,-0.014381858437690902,0.9999999999999998,-0.018220533922186782,-0.029393977057991693,1.0000000000000002,0.014038093153153958,0.9999999999999998,0.8990876078605652,0.45282861590385437,0.6086817383766174,0.5863144993782043,0.32107460498809814,0.6512022018432617,1.0,0.0050644841917810565,0.009832857850395373,0.00849034951837925,0.012187728050602429,0.0037033325783289443,1.0,-0.002789650069079129,0.012088218138565213,0.008130168070031547,-0.008588702906324113,1.0,0.0036893519281632563,-0.0183403867387625,-0.007201631528082499,1.0000000000000002,-0.0002819651654858481,-0.004795485577074169,0.9999999999999998,0.005300810924114236,0.9999999999999999,1.0,0.10182458859270796,0.06001619617526603,0.0030778038786079937,0.0019948746233888243,-0.03458738197820621,0.9999999999999999,-0.0278289650164511,0.08975258505577863,0.006255420896230831,-0.09554523643410467,0.9999999999999999,0.004322003293442462,-0.02242000774143807,-0.03961064133085014,0.9999999999999999,-0.053902273741549676,-0.043068941436369405,1.0000000000000002,0.03956918086762089,0.9999999999999999,0.9091311316818409,0.4208197396972898,0.5966917314619269,0.5784577437246217,0.31886201724247093,0.6734194522777209,0.093125,0.296,0.31575,0.02525,0.145,0.041375
133,23,1,6-variate,1.0000000000000002,0.070588725135925,0.087435693914565,0.10005384163544066,0.09973116432159591,0.08264331811488244,1.0,0.03276639047942636,0.09052426410078097,0.012289280630185929,0.059776490150136564,0.9999999999999998,0.009347372463180908,0.029491857720622818,0.11500583563651459,1.0,0.044703328285682055,0.10375568400404858,1.0,0.09310062710555758,1.0,1.0724645853042603,0.4719368517398834,0.6920155882835388,0.5932705402374268,0.3388039767742157,0.749045729637146,1.0000000000000002,0.037275449015034726,0.04749564905491684,0.04926277632077094,0.04998429417545004,0.04068867172488947,0.9999999999999998,0.013244022566805869,0.04543165929328415,0.009867707324399762,0.023216812807479687,0.9999999999999998,-0.0034110133028035896,0.0274679987677333,0.04944115393300963,0.9999999999999998,0.022726637993075817,0.044902856798894095,1.0,0.03607794258391815,0.9999999999999999,1.0000000000000002,0.23441125059757517,0.25189765837861083,0.5645340715416344,0.2115067798834245,0.4207899485766221,1.0,0.09953444261362922,0.35291874224064984,0.0358596701246,0.2741512150966129,0.9999999999999999,0.032446737084655126,0.03393216629145315,0.3167499522547073,1.0,0.13224693528393686,0.1520258006092734,1.0,0.26242349123863695,1.0,1.0521062035957651,0.45111550774136566,0.6515305554677183,0.5792338892562755,0.32863208936185917,0.7468161043406822,0.108375,0.29725,0.3115,0.027625,0.134875,0.049625
134,23,2,6-variate,1.0,0.13064547592000417,0.1362887777658668,0.1113740916983671,0.18409945275574804,0.11414872413443217,1.0000000000000002,0.06816935004121188,0.11970420295794537,0.0514463000571013,0.10995134622862086,0.9999999999999999,0.050366117971466444,0.09227341775476915,0.14767291676111094,0.9999999999999998,0.10954475277902252,0.1644550417187788,1.0,0.08508822023070985,1.0000000000000002,1.2297990322113037,0.5389700531959534,0.7556386590003967,0.621585488319397,0.3317653238773346,0.8248791098594666,1.0000000000000002,0.05004220934408623,0.07059276281660723,0.05524885998482053,0.07962881394552478,0.052803609489918704,1.0,0.026389661561602426,0.0573917749319776,0.03387440799215019,0.054702668431647214,0.9999999999999999,0.018065871575437313,0.06694649581367236,0.07561439273915412,0.9999999999999998,0.04424489593071502,0.06342662319149157,0.9999999999999998,0.05418905382735711,1.0000000000000002,1.0,0.4338478265385468,0.3926408363162302,0.6284063608345036,0.39043254605679684,0.5812042052881552,1.0000000000000002,0.2070782279626165,0.46668002501055766,0.1501187694746736,0.5042664681208812,0.9999999999999999,0.17483180449906713,0.10616615938762362,0.40672189236255757,0.9999999999999999,0.3240693695066948,0.24096431468506413,1.0,0.23983887417310445,1.0000000000000002,1.1627606810541486,0.4744939173453888,0.6857928442262574,0.5879499266980506,0.3274589721310477,0.8018756478782076,0.11525,0.305,0.31325,0.026875,0.137375,0.0585
135,23,3,6-variate,1.0,0.12130965657386901,0.183524491047446,0.11049186637412989,0.1928772493476136,0.12784359672440218,0.9999999999999999,0.10424999505457998,0.1456282328941797,0.1042665552842396,0.1603488840867051,0.9999999999999999,0.07323785857474624,0.16955483160249862,0.18635815605303593,0.9999999999999999,0.16399551519070696,0.1414561653177385,1.0,0.19225630244232386,1.0,1.2970117330551147,0.5528073310852051,0.8111957311630249,0.6730660200119019,0.3760763108730316,0.9054716229438782,1.0,0.059224610246757035,0.08103475069926618,0.050413765574863004,0.08692040828099105,0.06274789855392382,1.0000000000000002,0.04585413559342797,0.06242254349294019,0.056111436556427904,0.0734423085384145,1.0,0.018193185988573862,0.07232476248549866,0.0913854191137187,1.0,0.05741672317684147,0.08587128360524567,0.9999999999999999,0.07170268817200341,0.9999999999999999,1.0,0.40284550072274955,0.5287244961370811,0.6234287610070459,0.40904816633035723,0.6509336501938071,0.9999999999999999,0.3166804580964133,0.5677476853272199,0.304246623225068,0.7354033394254834,0.9999999999999999,0.2542246878093015,0.19508314114502315,0.5132689648879926,0.9999999999999999,0.4851524766009475,0.20726562587846076,1.0,0.541914438983749,1.0,1.2185730638986914,0.4807958219210529,0.7040537998844442,0.6197067424857639,0.3395501960732194,0.8419810444920991,0.119375,0.300375,0.32125,0.030375,0.1395,0.057
136,23,4,6-variate,0.9999999999999998,0.22185302366776855,0.17729532900372852,0.18150186221673154,0.21128683907537524,0.1782591443226499,0.9999999999999999,0.14635335481195116,0.15493525138781844,0.13954307388670883,0.1910930876793758,1.0,0.06475881551523874,0.1974437866080703,0.22966037641755868,1.0,0.11528575358120034,0.23600497154101122,1.0,0.179980251983892,1.0000000000000002,1.354096531867981,0.5485373735427856,0.8313661217689514,0.6655009388923645,0.38316991925239563,0.9322879314422607,1.0000000000000002,0.0875379777708431,0.08731382420511166,0.08444846753008091,0.0983129698134222,0.07637171918145282,1.0000000000000002,0.05574437725656384,0.06662857105983702,0.057416542918783925,0.08779076976825459,1.0000000000000002,0.03222803827055514,0.09629508556972025,0.11768527099838441,1.0000000000000002,0.056444851467821446,0.10271583072712288,0.9999999999999998,0.07649975954040969,1.0000000000000002,0.9999999999999999,0.7367299609120804,0.5107784430462412,1.0240884737530331,0.44809060543464835,0.9076316353201455,0.9999999999999999,0.44457788679166615,0.6040320193893304,0.40718241137900546,0.8764044169548355,1.0,0.2247919130690711,0.22717101851986213,0.6325324018486421,1.0,0.34105309567323533,0.34580127312240033,1.0,0.5073118685752807,1.0000000000000002,1.2814088179805951,0.4701442508388082,0.7271370204318364,0.6076144489374885,0.34983197132171456,0.8539505994278914,0.131,0.297,0.324625,0.026875,0.1405,0.054375
137,23,5,6-variate,1.0,0.17592420841339457,0.2064036312037339,0.21007773557765205,0.25055568622714347,0.21453302408157404,1.0,0.12567795454564964,0.18473443429740705,0.14013656032978594,0.27192291280247033,1.0,0.11550820313818212,0.292516786495886,0.26578137356801734,1.0,0.20978379378269257,0.22862402050967728,1.0,0.28110487150259467,1.0000000000000002,1.4101223945617676,0.551479697227478,0.8653858304023743,0.6098426580429077,0.3933120667934418,0.9761464595794678,1.0000000000000002,0.08823150287648064,0.0929196457521082,0.07608501200208057,0.10723761968180731,0.0948983349462473,1.0,0.053998996776811144,0.074112925191577,0.04986167833187119,0.1181788302034656,1.0,0.03367410121518423,0.11684708567924212,0.13087822741393218,0.9999999999999998,0.07543829025881421,0.09348164327933982,0.9999999999999998,0.1131114786771183,0.9999999999999998,1.0,0.584209596731653,0.5946377877042571,1.1853222171938538,0.5313707545685797,1.0923249305845297,1.0,0.38177218089736176,0.7202075927908019,0.4089142342471607,1.2471118287562517,1.0,0.40095430740641236,0.3365583452145318,0.7320171156309677,1.0,0.6206091988314256,0.33498646450191977,1.0,0.7923526396833067,1.0000000000000002,1.3359167119457949,0.48843660204555606,0.7507057088369378,0.5850361255830215,0.3435170010745886,0.8715985211007802,0.12925,0.302375,0.321,0.023375,0.14325,0.05975
138,24,0,6-variate,1.0,-0.056791996787466534,0.013179999469602544,-0.018480536183943037,-0.025361507771952747,0.07912933537369093,0.9999999999999999,0.02534355542537269,0.0037439589178949284,0.014329118679781868,0.021554956758478443,1.0,-0.02053045965354478,-0.0648486165666919,-0.03491911903835017,1.0,-0.0694119738578781,0.022386258566280442,1.0000000000000002,0.044613384112850527,1.0,0.8476826548576355,0.4045763611793518,0.5110845565795898,0.4433252811431885,0.4172113835811615,0.4996877610683441,1.0000000000000002,-0.012280574911992866,0.0010037625134201513,-0.0046339733031853835,-0.0081575734593609,0.025035922829186024,1.0,0.009549181205874143,-0.005399375213119429,0.008096816899694038,-0.008326592869878264,1.0,-0.012202892321765524,-0.014711398042983057,-0.009513311022269013,1.0,-0.00743527980670568,0.010416908844722345,0.9999999999999998,0.0058131130849294905,0.9999999999999998,1.0,-0.18859501963952002,0.03797084795684343,-0.10427277378177036,-0.053785867561560084,0.40289828400814837,0.9999999999999999,0.07698613308869846,0.014596239665669237,0.04181189748337222,0.09885683448348022,1.0,-0.07126560613583063,-0.07461225235884027,-0.09617452657202981,1.0,-0.20534329574809052,0.032800969979935785,1.0000000000000002,0.12575205942256695,1.0,0.8524608644270921,0.4174121356186589,0.49304774959290987,0.42401126342334894,0.3796910525980488,0.5457807438673133,0.08475,0.28925,0.3115,0.0235,0.146625,0.03575
139,24,1,6-variate,1.0,0.06721160660042853,0.07103435991087931,0.09404634434755686,0.05885336396143972,0.09361632839759826,0.9999999999999998,0.049266674287351216,0.032698588192994045,0.034133497749654844,0.028659431445848718,0.9999999999999998,0.02768142640214859,0.08568208804321906,0.14230599123943466,1.0,0.06041922647563302,0.15973188881454284,1.0,0.03172251953309351,0.9999999999999999,0.9953225255012512,0.451364666223526,0.5501083731651306,0.4560588002204895,0.43369460105895996,0.6000831127166748,0.9999999999999999,0.02808105410879961,0.036934589580209794,0.0414361131316408,0.03383691287127716,0.04493881804895963,0.9999999999999999,0.009109804503990212,0.026527947633459382,0.03255605727056995,0.028524840179164786,1.0,0.015516808973187635,0.03535593969643408,0.04803512657110307,0.9999999999999998,0.02524142943378363,0.07281307315607875,0.9999999999999999,0.02810861381275349,0.9999999999999998,1.0,0.22319654402805725,0.20464627344820885,0.5306380022671229,0.12481442121422097,0.4766607004413171,0.9999999999999999,0.14965734150711446,0.1274791656426596,0.09960037027026675,0.13143981117901052,0.9999999999999999,0.09608832174787953,0.0985824685329736,0.3919402143828187,1.0,0.17873986803756825,0.23404376037925054,1.0,0.08941660173376267,0.9999999999999999,0.9708705284234269,0.4434761646481718,0.524792143173137,0.4368727375845468,0.39334365950737316,0.5883971368772277,0.098125,0.29575,0.3115,0.025,0.141125,0.034625
140,24,2,6-variate,1.0,0.1168540328080151,0.10431286589259156,0.1496301992705546,0.09788590589729831,0.0994902651227303,0.9999999999999998,0.03146869717415853,0.11132378159916638,0.11093843668743276,0.12862260556175795,0.9999999999999998,0.027483063287421523,0.12406433654108669,0.1622965142495345,0.9999999999999998,0.06186755388391236,0.1749194785587704,0.9999999999999999,0.13421489944314485,1.0,1.1250661611557007,0.4719821810722351,0.5991130471229553,0.45123982429504395,0.4423494338989258,0.6483073234558105,1.0000000000000002,0.05891624762747149,0.052756133167329154,0.06856479505894866,0.056332346412618695,0.04810664648000865,0.9999999999999998,0.01820036466472112,0.04124210852147929,0.054698453674284525,0.05852760468195646,1.0,0.018458461067326584,0.04353470417122978,0.0744163424404425,1.0,0.03262480344302234,0.10195784592602161,0.9999999999999999,0.05204031311229544,1.0,1.0,0.38804905877436235,0.300519959900175,0.8442593262197825,0.20759336455621658,0.5065687641130464,0.9999999999999999,0.09559257930263597,0.43400796706342337,0.32371494713549737,0.5898981323922231,0.9999999999999999,0.09539973428940098,0.14274352786622477,0.44699826082177985,0.9999999999999999,0.18302443302856677,0.25629697054946066,0.9999999999999999,0.37831269274722557,1.0,1.075206385335781,0.44963046874534185,0.5576034884447686,0.43341165239151547,0.40936684630511916,0.6208756738694406,0.108125,0.2895,0.32,0.02575,0.142,0.041125
141,24,3,6-variate,1.0000000000000002,0.1497053228120012,0.14841927740628977,0.16972558911493782,0.20749812537918239,0.12552397187495112,1.0,0.09405377397133396,0.1048148652080191,0.12344682759497731,0.12918286101848309,0.9999999999999999,0.0623947547315857,0.14119200082433364,0.152572203560282,0.9999999999999998,0.09992726421886307,0.20653566822926467,0.9999999999999998,0.1640883636200734,0.9999999999999998,1.2114956378936768,0.5096383690834045,0.6587425470352173,0.49015477299690247,0.47607332468032837,0.6906816959381104,1.0000000000000002,0.06942381719799649,0.0660168294379458,0.07765593296692773,0.09578973419678852,0.054534025158287695,1.0000000000000002,0.03588278529987888,0.0547085168448683,0.07132474114722244,0.05460724144797765,1.0,0.018015722293378895,0.060932352050358095,0.07249673786946242,1.0,0.0383758024657961,0.09316152665409788,0.9999999999999999,0.07056253765208678,0.9999999999999999,1.0000000000000002,0.4971418175923421,0.4275882670620643,0.9576431482301603,0.44005557530760253,0.6391230370279358,1.0,0.2857072839605311,0.40863221330531885,0.3602141442793845,0.592467491691057,0.9999999999999999,0.21658587866064902,0.16244996482595905,0.4202154010782195,0.9999999999999999,0.29561747658747817,0.3026219779506252,0.9999999999999999,0.46251730875742486,0.9999999999999999,1.1284510243322727,0.46737090921870206,0.5772323765519171,0.4474896593194351,0.42369058010860144,0.6444892583371055,0.118,0.294875,0.320125,0.026125,0.154375,0.043875
142,24,4,6-variate,1.0,0.2157089371916369,0.23054987380832206,0.18602449790343173,0.2670931672306222,0.13908417849460028,0.9999999999999998,0.11887742018297501,0.17177346888394826,0.14791889497580274,0.14371937978417937,0.9999999999999998,0.09148431237313817,0.1939590692636163,0.21233333347253808,1.0,0.10349853733505862,0.24860924392009717,0.9999999999999998,0.2308181495596422,1.0000000000000002,1.2630759477615356,0.506696879863739,0.6939941644668579,0.5130203366279602,0.45096272230148315,0.7438053488731384,1.0000000000000002,0.10700242369212577,0.1007178060932337,0.07960618789552457,0.12185111028669045,0.05506060782617513,1.0,0.06216505559835897,0.07803185480797746,0.08165190820780674,0.05802775653425196,1.0,0.032879254263799514,0.06674750853686953,0.09255428724832514,1.0000000000000002,0.04478261891446809,0.11068079066454439,1.0,0.09918171509158938,1.0,1.0,0.716326833837524,0.6642019376202658,1.0496064358415913,0.5664428878652084,0.7081665746597323,0.9999999999999999,0.3611143745159493,0.6696777084943545,0.43162280531129493,0.6591358929257982,0.9999999999999999,0.31756213509376685,0.2231617307756079,0.5848101529305518,1.0,0.3061825401904501,0.36426928034704353,0.9999999999999999,0.6506091107532512,1.0000000000000002,1.1730221550175062,0.47866896917148927,0.5883518454968777,0.4649319442718464,0.41620949326345325,0.6598012227988418,0.119125,0.297,0.31725,0.026,0.143125,0.043875
143,24,5,6-variate,1.0,0.27490856618346937,0.26216894329346274,0.2015114087750951,0.24999764250220288,0.1951060929217828,1.0,0.1417667236538925,0.2307375149702799,0.2265374631509674,0.2385359654989552,1.0000000000000002,0.1352459279029376,0.1787774192059311,0.1831802385299923,0.9999999999999999,0.0774553750659599,0.265740034962025,1.0000000000000002,0.20859236345905202,1.0,1.2740312814712524,0.5405356287956238,0.6865432858467102,0.5368207693099976,0.46342477202415466,0.7340985536575317,1.0000000000000002,0.12319971604474748,0.11535160907020156,0.0793083309791554,0.11791364942059042,0.08791216268731819,1.0,0.053324851616440426,0.08767403318054888,0.08856987289261448,0.08643758300330924,0.9999999999999998,0.04437416404557639,0.06725074924525623,0.08791907809046696,1.0,0.035202220071691444,0.1289755622670014,0.9999999999999998,0.08609642767544737,1.0000000000000002,1.0,0.9129173040331727,0.7552949136859681,1.1369882902499868,0.5301873126016449,0.9934101865433924,1.0,0.43064499358824915,0.8995556484800539,0.6610294925315411,1.0939905810507748,1.0000000000000002,0.46946840692700004,0.2056943800177596,0.5045163688107996,0.9999999999999999,0.2291384277976227,0.3893699121819846,1.0000000000000002,0.5879609580518305,1.0,1.1837405142675632,0.4846200667604403,0.5874694444926725,0.47203306622978314,0.4160408189907535,0.6661642586278549,0.119875,0.287625,0.3185,0.02775,0.14525,0.042375
144,25,0,6-variate,1.0000000000000002,-0.012131964000238162,-0.007536119766347729,-0.008296757282770873,0.011087066042379594,0.020186114619880957,1.0,-0.0026810214042989893,-0.012910169834138912,0.03633237470419076,-0.050475728489286754,1.0,-0.0531342195610556,0.031102116879078563,0.035204721237221376,1.0000000000000002,0.005394475515371715,0.02772847126914384,1.0000000000000002,-0.02036357893332611,1.0,0.4885193705558777,0.466570109128952,0.6146620512008667,0.6116225123405457,0.3236047029495239,0.5643896460533142,0.9999999999999998,8.608726918188416e-05,-0.005442970826695812,-0.0003333777723121375,-0.00816154413445644,0.012727308417489239,1.0000000000000002,-0.00415890136733849,0.002862556933789239,0.009870386765084765,-0.01638436731701622,1.0000000000000002,-0.009634344436405762,0.005882879156397097,0.003298405928745419,1.0,0.005762249408185993,0.009060725045827956,0.9999999999999999,-0.0013229895635137744,0.9999999999999998,1.0000000000000002,-0.040287869245114336,-0.021711208276973374,-0.04681287415167946,0.023513097627704333,0.10278058566834268,1.0,-0.00814417064586841,-0.05033169180694353,0.10601677482074225,-0.23149540710146368,1.0,-0.1844405932494357,0.035784861778551245,0.09696112122759135,1.0000000000000002,0.015958685328197917,0.04062854118206039,1.0000000000000002,-0.057398977049151104,1.0,0.4649957191725263,0.46539263050985036,0.6358143478336842,0.5950898296126854,0.33455654989748496,0.5686846482067796,0.0845,0.30425,0.313875,0.02725,0.14925,0.0415
145,25,1,6-variate,1.0,0.047877919488162245,0.016931331915684966,0.09427688671370194,0.06501813257771444,0.08155528500378247,1.0,0.0069476112803185195,0.08270154701313986,0.0562340425172794,0.034516783466162444,0.9999999999999998,0.008161755300124267,0.050761872751539316,0.08733825646650274,0.9999999999999998,0.08235583714498104,0.07198320306091265,0.9999999999999999,0.06471395352294342,1.0000000000000002,0.5432227849960327,0.5466549396514893,0.7465230226516724,0.6546133756637573,0.3402147889137268,0.6821494102478027,1.0000000000000002,0.02878204040515751,0.022099228089298383,0.04817371891447275,0.030191853680302815,0.035327775993690656,1.0,0.003069287980575691,0.03902577910285601,0.02445754196106805,0.020771673362298425,0.9999999999999999,0.009172502221361619,0.03425549168422681,0.04873903600780003,0.9999999999999998,0.015270845315980702,0.03997730039388579,1.0,0.03158606068864871,1.0,1.0,0.15899321795376617,0.04877833173828144,0.531938862724367,0.13788844401019063,0.4152501084896739,1.0,0.021104786355234596,0.32242097571943457,0.16408925631379667,0.1583033475871246,0.9999999999999999,0.02833124044515834,0.058404590691933336,0.2405476149030366,0.9999999999999999,0.243635579658814,0.10547182680416625,0.9999999999999999,0.18240973732314195,1.0000000000000002,0.5020031542068266,0.5021118112029596,0.7154659505086621,0.6184110172808983,0.3469642461728541,0.6284408732574011,0.082375,0.2965,0.32075,0.0305,0.146875,0.047625
146,25,2,6-variate,1.0,0.13109522689015934,0.06390556774108644,0.06762260200257458,0.16118428442852598,0.14622843496476612,0.9999999999999998,0.08842768705421743,0.06151852105615658,0.05811399298603411,0.14351027486628476,1.0000000000000002,0.06306772665124677,0.15949119714613624,0.15591276703566823,1.0000000000000002,0.02664044927569024,0.15539854712180362,1.0,0.1324962833004169,1.0,0.5689177513122559,0.5534918308258057,0.8059016466140747,0.65533047914505,0.3643110692501068,0.7162771821022034,1.0,0.0451164329011531,0.04111271916706572,0.044852246123248854,0.07037761143344475,0.05639268456630822,1.0,0.03791147096143379,0.04079273127329439,0.03262724483358631,0.05675660156808514,0.9999999999999998,0.02917360032554218,0.06531078613530825,0.07515127650283371,1.0,0.026656065850765166,0.07265693604632634,1.0000000000000002,0.051153745423209794,1.0,1.0,0.4353414793740543,0.18410859627950893,0.38154719831201545,0.3418345514286718,0.7445425205320064,0.9999999999999999,0.268616915926818,0.23983658480301925,0.16957496640707181,0.6581770441027467,1.0000000000000002,0.21892194738392445,0.1835043337464303,0.4294159889593748,1.0000000000000002,0.07881114957826992,0.2276944190549713,1.0,0.3734683759130213,1.0,0.5281490175987515,0.5245191528840771,0.7589244347202652,0.6250202668298706,0.3617348862127809,0.6550822641564948,0.0945,0.299875,0.32025,0.031375,0.150125,0.042875
147,25,3,6-variate,1.0000000000000002,0.14585595034089655,0.16768738415522902,0.1400198001347847,0.14174734991836438,0.15463507860251557,0.9999999999999998,0.10724054359778906,0.1144168523044905,0.13653298669012812,0.17805870007688754,0.9999999999999999,0.08869033930480921,0.17254216606314884,0.1899428640229443,1.0,0.1578086654648291,0.17904049178283885,1.0,0.1549047536163491,1.0000000000000002,0.6098617911338806,0.5842646360397339,0.8581982851028442,0.6389161944389343,0.39177221059799194,0.7516654133796692,1.0000000000000002,0.06556336283680253,0.08382620899883507,0.0680334494551194,0.07764850704125527,0.06562806827186574,0.9999999999999998,0.05514454782459594,0.05893726690071913,0.047252229606423536,0.09200921496224686,1.0000000000000002,0.040543391174507344,0.0625772057637863,0.0882638292976049,0.9999999999999999,0.06143677779583759,0.07058232465348165,1.0,0.06742239151643753,1.0000000000000004,1.0000000000000002,0.4843587594586012,0.4830985781345806,0.7900340504419516,0.30061343888193515,0.787346079526689,0.9999999999999999,0.3257648197566383,0.44606665750015173,0.3983991156232541,0.816625135824452,0.9999999999999999,0.30786362010201335,0.19852029539637672,0.5231420930974403,1.0,0.46684974952909225,0.2623352262300193,1.0,0.4366313949980772,1.0000000000000002,0.5453415366052403,0.5358848988831157,0.7885155746761171,0.6202821919546144,0.36889656975410534,0.6747593498992985,0.091875,0.305125,0.32225,0.030375,0.151625,0.048
148,25,4,6-variate,1.0,0.20731768419133395,0.16119725762546522,0.19888221001968737,0.20687853372443218,0.1432670805348376,1.0000000000000002,0.13426171763064712,0.17948096746502748,0.20231710114869678,0.20548673076097954,1.0,0.09546585704177689,0.20094820757131907,0.20873729156637869,0.9999999999999998,0.15691897299685809,0.17032713711239625,1.0,0.1725606247932632,0.9999999999999999,0.6342529058456421,0.6134433746337891,0.9038363695144653,0.7002642750740051,0.41598716378211975,0.8316448926925659,1.0,0.08616235691189632,0.07907038436360882,0.08035909793972111,0.07697619351611945,0.057938021529966556,1.0,0.058880580937022045,0.0602380908814109,0.06010984374218505,0.09404211834101811,1.0,0.04613347206730808,0.09711373317523173,0.09444220769565712,0.9999999999999998,0.06762813925100514,0.07542446501782418,1.0000000000000002,0.061574977195635545,1.0,1.0,0.6884612963825603,0.4644008632513908,1.1221533782030653,0.43874150305930754,0.729464434644269,1.0000000000000002,0.4078470044823115,0.6997262661766465,0.5903551240700724,0.9424174559175238,1.0,0.3313828632185407,0.2312031006674116,0.5749058407873715,0.9999999999999999,0.46421770383179056,0.24956822946191487,1.0,0.48639803285009375,0.9999999999999999,0.5619596839009885,0.5370828308264148,0.8146421332943848,0.6427868778670166,0.3685344010404554,0.7140578431828152,0.091625,0.303,0.322375,0.0305,0.151375,0.050375
149,25,5,6-variate,1.0,0.18331769977054152,0.2070276703330813,0.2027433655132489,0.20566285232453588,0.14412895965834294,0.9999999999999999,0.16679881326754825,0.14874847120742749,0.17789687294730275,0.24852924212436583,1.0,0.16389970059451014,0.2324436871243313,0.25278570279218104,1.0000000000000002,0.10638703747752563,0.15831697404324271,0.9999999999999999,0.21473925137359767,0.9999999999999998,0.6833134293556213,0.6083617210388184,0.936034083366394,0.6884854435920715,0.387997567653656,0.8605223298072815,0.9999999999999998,0.07472569234103937,0.08589984828326401,0.08298137042522986,0.08008323768663099,0.06735504662963322,1.0000000000000002,0.07546910861403182,0.06176641520404085,0.06233386368448825,0.10597451927560077,1.0000000000000002,0.05626934871798709,0.10130949151559193,0.11404921536466685,0.9999999999999999,0.043466008889752675,0.0636349287095092,1.0000000000000002,0.08784524191688327,1.0,1.0,0.6087620383549093,0.5964358838100912,1.1439396897711278,0.4361633852531953,0.7338528656330702,0.9999999999999999,0.5066852179437242,0.5799122701081327,0.5190976368633747,1.1398219464031107,1.0,0.5689318087423969,0.26744064938967027,0.6962243908693019,1.0000000000000002,0.3147277776288248,0.23197059421967736,0.9999999999999999,0.6052871687813842,0.9999999999999999,0.5791288989522655,0.548067750295046,0.8264193047707926,0.6339498859514139,0.3566730987811124,0.7394088414280097,0.09975,0.30725,0.317,0.030625,0.1485,0.051875
150,26,0,6-variate,0.9999999999999998,-0.0007977788614184245,0.02153322551187315,-0.0031353463002088363,-0.03185920296344275,0.0331378592771352,1.0000000000000002,0.03278344965077783,-0.04823387400447697,0.046316205575213924,0.027287773983598294,1.0,0.06370478053029463,-0.03030708744973929,-0.0532800616887819,1.0000000000000002,0.010855010454872718,-0.04872160963581228,1.0,0.0152245190391256,1.0000000000000002,0.870973527431488,0.4666346609592438,0.5498071908950806,0.7564711570739746,0.34159055352211,0.5620221495628357,0.9999999999999999,-0.007070405645852092,0.013686016670518539,8.736763574702307e-05,-0.009304579923552742,0.014033805079569818,1.0,0.007258151026580587,-0.0097321541005982,0.010449658466901423,0.011784535899137461,1.0,0.019755790926209688,-0.012303178434476007,-0.006311598933907908,1.0,0.00018715037222186693,-0.010906396581873982,1.0,0.0017400925095416545,0.9999999999999999,0.9999999999999999,-0.002649211971149195,0.06203608028806596,-0.017690537658827735,-0.06756599298345799,0.16872601616136437,1.0000000000000002,0.09958644176761532,-0.18804512986115646,0.13514929722265195,0.12514908497552416,1.0,0.22113342594453997,-0.034870158868184155,-0.14674434026811495,1.0000000000000002,0.03211266717114375,-0.07138829822150108,1.0,0.04291346048730024,1.0000000000000002,0.8620482122726109,0.46583082284438193,0.5945175101956215,0.7389841022888548,0.34987559992162715,0.5943855791051678,0.102125,0.296125,0.31075,0.025875,0.143375,0.034125
151,26,1,6-variate,1.0000000000000002,0.10544427120015276,0.09657008535912438,0.07444157369887099,0.0780559338051506,0.0946544364463238,1.0000000000000002,0.08523944959492871,0.06445888579965366,0.10995135745409548,0.11461724549559026,1.0,0.07835753727320231,0.06299513881997311,0.061874095492926266,1.0,0.04003006050968794,0.06849087248220456,1.0000000000000002,0.05932357469407968,0.9999999999999998,1.0314041376113892,0.5521106123924255,0.665614128112793,0.7701228857040405,0.3496783673763275,0.6424283981323242,1.0,0.04253858147196991,0.04463886966140313,0.03734138702003803,0.04611274426665843,0.03588802522920801,1.0,0.041939193723469825,0.031036772468791832,0.04577737428248886,0.05407100387418314,1.0000000000000002,0.03418837448599378,0.026754701712485788,0.03346919492959559,1.0000000000000002,0.0173869312094247,0.03933272912771987,0.9999999999999999,0.032043954505904346,1.0,1.0000000000000002,0.3501596923313215,0.27821336209849445,0.42002184513581475,0.1655386116079505,0.4819464201547802,1.0000000000000002,0.25893205127337215,0.2513000370106199,0.32083477691922824,0.5256655874938396,1.0,0.2719962521499543,0.07247975451053891,0.17041426437629476,1.0,0.11842201585264983,0.10035481177710082,1.0000000000000002,0.16721585347506143,0.9999999999999999,1.0005477010596187,0.5131568343525487,0.6620411875436844,0.7589237955182502,0.3593373323044821,0.6383735027908382,0.11325,0.307125,0.322625,0.025125,0.148875,0.0475
152,26,2,6-variate,0.9999999999999998,0.16725489850788658,0.13650976802969012,0.15783643452379653,0.11577168861409463,0.1433971156188662,1.0000000000000002,0.06740145928432828,0.16345259449885638,0.09460716582958531,0.16466798108955985,0.9999999999999998,0.07825220890040181,0.14737863310546942,0.17751526228663453,1.0,0.08995128719620561,0.19961307239803622,1.0000000000000002,0.10190680341360449,0.9999999999999998,1.1519994735717773,0.578544557094574,0.7345933318138123,0.7920380234718323,0.3694409430027008,0.7373740673065186,1.0000000000000002,0.08068967574442429,0.055332928174986924,0.05839831039438258,0.06748077550511943,0.06497841294545709,1.0,0.04166576814116404,0.0692495037374213,0.049863154425941546,0.08307293249432525,0.9999999999999999,0.04084878419609856,0.062283764055993396,0.06742701142023311,1.0000000000000002,0.048907594952732614,0.08388293624175769,0.9999999999999999,0.04775168088080591,1.0,0.9999999999999999,0.5554205284759793,0.39327749770117854,0.8905610407476584,0.2455249748332962,0.7301266611140245,1.0000000000000002,0.20474563822750894,0.6372377270418388,0.27606081798702836,0.7552119934789903,0.9999999999999999,0.27163061398817795,0.16956809311892937,0.48891379354728226,1.0,0.2661054223865747,0.2924787636493794,1.0000000000000002,0.28724553437817907,0.9999999999999999,1.0880925769599754,0.5293165748672202,0.7033890227918336,0.7661702303708007,0.3710331618791031,0.6803175042426739,0.125875,0.29625,0.323375,0.025,0.151125,0.043625
153,26,3,6-variate,0.9999999999999998,0.1977544257174335,0.16391089712897122,0.18605141402482245,0.16933776524932298,0.1973307660165878,0.9999999999999999,0.13227715697303422,0.1260273949603606,0.11695681901241385,0.17346367401508556,1.0,0.10822780599905946,0.1771588248931328,0.20260817482613377,1.0000000000000002,0.1338518631975287,0.24475763397603428,1.0,0.1666488548105289,1.0,1.2071127891540527,0.5686545372009277,0.7651109099388123,0.8214002251625061,0.412034809589386,0.7596122622489929,0.9999999999999999,0.09422686414190451,0.06891645379464773,0.07959019402641351,0.0895735131803047,0.09548385650970857,1.0,0.05431356634657866,0.05623809063948409,0.06579576734207587,0.0788337190864008,0.9999999999999999,0.04189844288291223,0.08247385230513024,0.09576688166049983,1.0,0.05535147816696603,0.1144660173174848,0.9999999999999998,0.07867980667564997,0.9999999999999998,0.9999999999999999,0.656703323139182,0.47221867197721495,1.0497586825274061,0.359126202345248,1.0047373439877556,0.9999999999999999,0.40181855736572497,0.49133162259261565,0.3412764294118888,0.7955515198750909,1.0,0.3756824195096906,0.2038319824117017,0.5580249885922974,1.0000000000000002,0.39597760204047716,0.3586259524325085,1.0,0.4697345133277205,1.0,1.1283741595274153,0.5363286215516485,0.7311553304238675,0.7780495452578684,0.37975743175567606,0.6921822062260827,0.12925,0.305375,0.336125,0.025375,0.154125,0.051625
154,26,4,6-variate,1.0,0.18870111724723604,0.18849039920561103,0.20180339891783594,0.22287785696030044,0.24315499676083663,1.0000000000000002,0.12794452433792786,0.15501894266729574,0.16649195856895918,0.21278240768302562,0.9999999999999998,0.1273892327738578,0.2348065966533168,0.24113464970144902,0.9999999999999998,0.17590072508686824,0.23912572138916866,0.9999999999999999,0.23510077134314825,0.9999999999999999,1.2736945152282715,0.6055789589881897,0.8240700364112854,0.8520631790161133,0.4366340935230255,0.8083916902542114,1.0,0.08362233826592994,0.07414935256978716,0.08392438173711748,0.10584358226868316,0.10493507315476505,0.9999999999999999,0.06051371284933834,0.07771958215159966,0.07984818867306341,0.09361619118819103,1.0,0.053077228794279854,0.10442476879633628,0.11005844653728562,0.9999999999999999,0.06688564854362455,0.11097743915938829,1.0,0.09665695729356687,1.0000000000000002,1.0,0.6266391344990713,0.5430309758064804,1.1386359098296537,0.4726723049175305,1.238057559578279,1.0000000000000002,0.38865740869143595,0.6043583798677725,0.4858186140783071,0.975877592135917,0.9999999999999999,0.44219593626360204,0.2701592635477956,0.6641349878722915,0.9999999999999999,0.5203718696458662,0.35037380486977177,0.9999999999999999,0.6626804998774474,0.9999999999999999,1.1614921457101866,0.5433448821317007,0.7660207550860884,0.780997953719043,0.38459391582908514,0.7183331180781548,0.12575,0.294375,0.327875,0.026,0.153375,0.049625
155,26,5,6-variate,1.0,0.19847309874376381,0.2004606389530779,0.2306251409713036,0.2710756826131666,0.24766705320114155,1.0,0.15925973415240266,0.20637712922888887,0.14998436222140732,0.20942473350118512,0.9999999999999999,0.12047487670607976,0.24997581456199838,0.23194898211852494,0.9999999999999999,0.1856596449674804,0.30049314374342584,1.0,0.2372309447309587,0.9999999999999999,1.3289827108383179,0.6182014346122742,0.8561822772026062,0.8717889189720154,0.4507373571395874,0.8160867094993591,0.9999999999999998,0.08233398581407371,0.08026037900354956,0.08659587381998787,0.12071780533034265,0.10033539062130302,1.0,0.06152632304429573,0.07646656703624932,0.06266489223387778,0.08846512011078207,0.9999999999999999,0.04728411416841398,0.11122169358362001,0.10593099325201849,1.0,0.0835597620742939,0.13269761128362728,1.0,0.10734403470446706,1.0,1.0,0.6590900139605095,0.5775165698329663,1.301257158039016,0.5748889643751742,1.2610317742248052,1.0,0.48378359073855465,0.8045837260839485,0.43764973922081685,0.9604783914621816,0.9999999999999999,0.41819460095564487,0.28761228810637474,0.6388355542774389,0.9999999999999999,0.5492420927188092,0.44029105923930517,1.0,0.6686847680723015,0.9999999999999999,1.2000223039856972,0.5484204516921876,0.7810139485262508,0.8036549997802456,0.4070445410025989,0.7252923369769567,0.1315,0.30475,0.334375,0.027875,0.15675,0.051
156,27,0,6-variate,1.0000000000000002,0.017502006698467815,0.009720994572974045,0.020023699110581276,-0.016728739386882924,0.023454029506916357,1.0,-0.016296898379862243,-0.009189150686390913,-0.02681731600084415,0.05677825449190503,0.9999999999999999,-0.014046595912060651,-0.06118355446674848,0.0004021964426743927,1.0,0.002286696513474005,-0.015401177624988297,1.0000000000000002,-0.004364760326556468,0.9999999999999998,0.9914054274559021,0.4887317717075348,0.5765288472175598,0.7578150629997253,0.32498490810394287,0.6494061946868896,0.9999999999999998,0.007379747459391783,0.0007155530234971994,0.009448093501378999,-0.011694725242539922,0.00408993412916954,0.9999999999999999,-0.006440312924306796,-0.013386632304394368,-0.0017587371879281514,0.014045547746410788,1.0,-0.0048507918378373005,-0.01627984141873533,0.002543629731664569,0.9999999999999998,0.007654526638776279,0.00011768554709536094,0.9999999999999999,-0.007196459900408762,0.9999999999999998,1.0000000000000002,0.05812075656864527,0.028005634046683967,0.11297991762582678,-0.035477745330602474,0.11941943026117915,1.0,-0.0495050950640593,-0.03582492368112447,-0.07825204682830493,0.2604004103656015,0.9999999999999999,-0.04875872231106257,-0.07039540376677758,0.0011077091010020185,1.0,0.006764808842630416,-0.022566291410852316,1.0000000000000002,-0.01230309766903683,0.9999999999999999,0.9858986945972235,0.47820275319156363,0.5621582583613464,0.7357380807753455,0.3273522889963771,0.64835019012638,0.089375,0.2945,0.318375,0.02575,0.148125,0.04025
157,27,1,6-variate,1.0,0.04991285051292118,0.0824538369740273,0.10371377986717975,0.03678908978012989,0.0750647563427693,0.9999999999999999,0.03522325401388625,0.03876299229371692,0.06170500198817605,0.060340096947335914,0.9999999999999998,0.02497790783518803,0.03371100260857931,0.12966820339120783,1.0,0.07940118149919669,0.09154942389803965,0.9999999999999998,0.0958366574346941,0.9999999999999999,1.157683253288269,0.516009509563446,0.6553913950920105,0.7594360113143921,0.354932576417923,0.7500542998313904,1.0,0.028625665338039084,0.039340070109584874,0.045249300011310827,0.02490781220236164,0.024998349651903857,1.0,0.014922242135890829,0.02187957650704625,0.025326217567111214,0.034926837100787325,0.9999999999999999,0.021319414680166782,0.03788614281062831,0.06827158415375002,1.0,0.04084469544125563,0.04397754922486504,0.9999999999999998,0.031071798331488123,1.0000000000000004,1.0,0.16575077972682534,0.23754513996492738,0.5851846507650268,0.07802113972135129,0.3822028440079013,0.9999999999999999,0.10699778032030766,0.15112176411124845,0.18005346467157587,0.2767358445720138,0.9999999999999999,0.08670380564340677,0.03878654449224116,0.35713306701408726,1.0,0.23489469407772856,0.13414082415089223,0.9999999999999999,0.270135603882403,0.9999999999999999,1.165111292237713,0.5060358176339976,0.6136436036727287,0.7516071161132782,0.3328370367484773,0.698703595034719,0.107375,0.286625,0.32275,0.0255,0.1475,0.0495
158,27,2,6-variate,0.9999999999999998,0.11326193642201997,0.19675067150218475,0.16402415148440336,0.18999480393744247,0.1257582549256782,0.9999999999999998,0.05461560632622913,0.10894912756195468,0.11733234314955643,0.08646391091399927,1.0,0.10473150262873254,0.17610770920775046,0.2174986606564404,1.0,0.12410678293362469,0.1375468321178055,1.0000000000000002,0.10523394959820716,1.0000000000000002,1.322494387626648,0.5933415293693542,0.6983479857444763,0.7960353493690491,0.38607457280158997,0.7899577617645264,0.9999999999999998,0.05896884874384651,0.0908629644517668,0.07070196781001459,0.07968042292172557,0.05310723115647112,1.0000000000000002,0.0357226577446647,0.05680573105830402,0.03520993195242171,0.045501261933117175,1.0,0.0364868714495653,0.07255541345397609,0.10346406632645355,1.0000000000000002,0.05609079225577049,0.06868747734264938,1.0000000000000002,0.048027035766318886,0.9999999999999999,0.9999999999999999,0.3761206347894876,0.5668282986650939,0.9254741806712268,0.4029351636460493,0.6403158391831285,0.9999999999999999,0.1659059396182542,0.42475000263521745,0.3423722653392056,0.3965468984412732,1.0,0.3635459469192291,0.20262260867573964,0.5990365315591684,1.0,0.3671484618091549,0.20153754511220234,1.0000000000000002,0.29662380912409714,1.0000000000000002,1.3013991905802365,0.5397252439876594,0.638335108302308,0.7560340070616329,0.34300376176609576,0.7297873985081708,0.114875,0.290625,0.33125,0.029875,0.147875,0.048375
159,27,3,6-variate,1.0,0.162784904473143,0.2598427605317007,0.21336085811082753,0.22166846204429685,0.15677595020580337,0.9999999999999999,0.14205358212013303,0.12097150952353722,0.12642388624274575,0.14100208652835736,1.0000000000000002,0.1145773221844688,0.22025507755504634,0.23552255044379375,1.0,0.20665506469454978,0.1666947028002078,1.0000000000000002,0.17215144035914903,0.9999999999999999,1.4057379961013794,0.6203521490097046,0.7286648750305176,0.7981833815574646,0.3733193576335907,0.8300161957740784,1.0000000000000002,0.07978336628212557,0.11112502541035668,0.09856907401753326,0.1117075012139069,0.06950556174410494,0.9999999999999999,0.0524963211519325,0.04994807975224403,0.03870906004194797,0.06382675784769608,1.0,0.028324916335464623,0.08410049101543475,0.10677548476863041,0.9999999999999999,0.07376473724723126,0.07628048868905317,1.0,0.06463225608244547,1.0,1.0,0.5405764539717303,0.7485933098559928,1.2038468398198625,0.47010758489599846,0.7982467261960008,0.9999999999999999,0.431516525771985,0.4716206991445059,0.3689011573680057,0.6466736997593447,1.0000000000000002,0.39772315109585954,0.25341685622567617,0.6486781100258754,1.0,0.6113533487096863,0.24424577356136867,1.0000000000000002,0.4852448478965761,0.9999999999999999,1.3802204227901578,0.5613700731879163,0.6475397215758287,0.7563992298408576,0.34428807485446933,0.7549211173546488,0.124,0.291625,0.32725,0.02875,0.149125,0.049625
160,27,4,6-variate,1.0000000000000002,0.21765650772922585,0.23551282591286166,0.21401168428836684,0.24755351736560932,0.1974520160277078,0.9999999999999998,0.1557522259785293,0.12058637260233451,0.1358199908306572,0.22198170573117199,1.0000000000000002,0.1227391601902029,0.22471966053313894,0.2793123080844211,1.0000000000000002,0.12158844365062557,0.22629772237272072,1.0,0.1502325734440109,0.9999999999999998,1.4891386032104492,0.6278640031814575,0.7522822022438049,0.8437297940254211,0.391763299703598,0.8730109930038452,1.0,0.09505738572408848,0.10887604904737379,0.10760014931255067,0.12289603548744453,0.08973162521084496,0.9999999999999998,0.06743055078869192,0.05665901132092074,0.06422800930312184,0.10376497827790213,1.0,0.043165242090691065,0.09822429184545164,0.13686030375343528,1.0,0.052853409875654005,0.10355132595190841,1.0000000000000002,0.06879704459191188,0.9999999999999998,1.0000000000000002,0.7227942291015579,0.6785003696759918,1.207519289832892,0.5250037643449322,1.0053549050977582,0.9999999999999999,0.4731288241254316,0.47011931909822313,0.3963186153226129,1.0180681499350175,1.0000000000000002,0.4260544479064214,0.2585535040234245,0.769283874393687,1.0000000000000002,0.3596984676988162,0.3315778549479228,1.0,0.4234618044806084,0.9999999999999999,1.4366833104188417,0.5656157669997802,0.6569803215923752,0.7705731739571418,0.3524461821156991,0.7761007049924793,0.130125,0.28925,0.331625,0.0275,0.14475,0.047375
161,27,5,6-variate,0.9999999999999999,0.23536944565170417,0.21688396203408974,0.25107523802407034,0.2754068090965113,0.23768964144653534,1.0000000000000002,0.19679141673010214,0.17375807235994614,0.1809778871772646,0.26074795116350424,1.0,0.09606088619049116,0.24156740111494435,0.30165358289073435,0.9999999999999998,0.18677100785011166,0.2321425254690018,1.0,0.21499197823135355,0.9999999999999999,1.5128406286239624,0.6606107354164124,0.8025750517845154,0.8544617891311646,0.4282468259334564,0.9134729504585266,1.0,0.11544167237851954,0.10415791307718898,0.1254708321786879,0.12797166500990195,0.09558848106798974,0.9999999999999999,0.08471092196868157,0.07355627227940152,0.0605054261204563,0.11634742681797483,1.0,0.04497320333573227,0.11395819737544295,0.1366838812984627,1.0,0.07199834625735167,0.10744455005265637,0.9999999999999998,0.0895457278848873,0.9999999999999999,0.9999999999999999,0.7816153560853918,0.6248312664699746,1.416642356802875,0.5840742011482065,1.2102301044562003,1.0000000000000002,0.5977936911731294,0.677414845186275,0.5280879877214352,1.1958601776739717,1.0,0.3334484049178566,0.2779379800761081,0.8308165307573979,0.9999999999999999,0.5525298341452014,0.34014187876691687,1.0,0.6059997446121911,0.9999999999999999,1.4498500717678635,0.5718555499859798,0.6728818738121385,0.7911421030963321,0.3549566690404908,0.7836786544715433,0.12775,0.294625,0.320375,0.0285,0.152,0.05275
162,28,0,6-variate,0.9999999999999999,0.08275530312153002,0.042128358367955754,0.013786867504209686,-0.003817947685201709,-0.010773291650669087,0.9999999999999999,0.0040860172861736386,0.02511346727489998,-0.007770416073857168,-0.039388692691628445,1.0000000000000004,0.029428068335387747,-0.05623932134951911,-0.020932780412094672,1.0,-0.044383917750972626,0.004382560547516894,0.9999999999999998,0.04293294720861042,0.9999999999999998,0.7641280889511108,0.4284961521625519,0.5979225635528564,0.7495527267456055,0.3016528785228729,0.5334476828575134,0.9999999999999998,0.02124412880864398,0.01431948394059047,0.0049085344449047745,0.0039656425014885106,-0.0014747637910344491,1.0,-0.007295189123685051,0.007915996540379907,-0.02152451450630267,-0.01668303783641255,0.9999999999999998,0.01433123520958398,-0.01945893137679316,-0.014531155569085696,1.0,-0.015766007104155162,0.003261403539886709,0.9999999999999999,0.011130640975506272,0.9999999999999999,0.9999999999999999,0.2748140605744856,0.12136960368536483,0.07778959127741769,-0.00809701461576909,-0.054853736815761195,0.9999999999999999,0.0124120611914434,0.09790757265079955,-0.02267385551989291,-0.1806472010622973,1.0000000000000002,0.10215117338643079,-0.0647068034657997,-0.05765328233512976,1.0,-0.13130206911546957,0.006421478083799854,0.9999999999999999,0.12101557322985025,0.9999999999999999,0.7504683271885464,0.41150811230765777,0.5613956116024865,0.7415882027396041,0.30867755972082006,0.5305431466177422,0.084875,0.29575,0.3195,0.0305,0.143875,0.03525
163,28,1,6-variate,0.9999999999999999,0.08934177355252804,0.07257682043750124,0.03937824732890975,0.03432302550902706,0.04511052891567838,1.0,0.04311813228808347,0.10707463682461059,0.00686352733121629,0.06009045283063031,1.0000000000000002,0.06803304247843596,0.01006112861735551,0.05924180388782247,1.0000000000000002,0.036993776816099555,0.07958230565041172,1.0000000000000002,0.06942215758159323,1.0,0.9052109718322754,0.45000776648521423,0.6577295064926147,0.8218178749084473,0.356371134519577,0.5890165567398071,0.9999999999999999,0.050062420693169886,0.04523854153707579,0.021359610696127653,0.027366029445432663,0.02485685280108022,1.0,0.013867439419285678,0.03741342970298707,-0.007736597745906087,0.03676805643010339,1.0,0.02780048485157405,0.01908937661526598,0.02682220263864648,1.0000000000000002,0.02652914845103013,0.047540278571508096,1.0,0.02660761374049009,0.9999999999999998,0.9999999999999999,0.296686485667938,0.20909007713964883,0.22218411367244686,0.07279127529741178,0.2296865495009529,1.0,0.13098004949578548,0.41744237111061505,0.020027488313942535,0.27559088061362474,1.0000000000000002,0.2361576296592941,0.0115759434189742,0.1631641158544099,1.0000000000000002,0.10943970510168524,0.11660627412338828,1.0000000000000002,0.19568072138953563,1.0,0.8630803703283081,0.4303989834031299,0.6160924608216923,0.7791712277784438,0.3168929600368499,0.5678054383145503,0.09825,0.289375,0.323875,0.033,0.140375,0.038125
164,28,2,6-variate,0.9999999999999999,0.1784293684535079,0.16137921252764229,0.10383023645755991,0.11437799472395443,0.1340650460575903,1.0,0.08901575424792599,0.1539999579143944,0.08487687825516534,0.19158978113413594,0.9999999999999999,0.10189271483562351,0.1886323444228808,0.15954539092440698,1.0000000000000002,0.09539090043653263,0.17445695266932262,1.0000000000000002,0.14575079692378218,0.9999999999999998,0.9663293957710266,0.45567208528518677,0.6998221278190613,0.8081737756729126,0.30888795852661133,0.6291503310203552,1.0,0.0737168584578879,0.07651461321292634,0.0458503038435154,0.043247080788739095,0.051940143419213956,1.0000000000000002,0.04109304482498023,0.0742763806511737,0.015884304130000523,0.08690641657422753,1.0,0.04641012489881773,0.07659232024685801,0.07184233360954581,0.9999999999999998,0.045208391032422524,0.07729032430820451,1.0,0.06931017283962625,0.9999999999999999,0.9999999999999999,0.5925288509630557,0.4649252224125759,0.5858417369091735,0.2425693252888563,0.6826108397277523,1.0,0.270403419838967,0.6003854840493478,0.24766812839527802,0.8786822275822993,0.9999999999999999,0.35369196123501806,0.21703290563297933,0.43942109659662915,1.0000000000000002,0.28219758455616956,0.25561929429757035,1.0000000000000002,0.41082907899923415,0.9999999999999999,0.9255531893447365,0.4487074134616899,0.6455409097869407,0.772607754805721,0.3269422625216119,0.5981766332256115,0.101125,0.286875,0.3275,0.028875,0.138375,0.04275
165,28,3,6-variate,1.0,0.22220090643475865,0.21409522043978355,0.11838897718656273,0.17131389506249398,0.24886022690304366,1.0,0.1365733605411819,0.14551807322441876,0.16487430316372287,0.22702683980935162,1.0000000000000002,0.10500771652815676,0.20076924091637074,0.1938042768868114,1.0,0.13796055819330288,0.21689788724735468,1.0000000000000002,0.1882428254567668,1.0000000000000002,1.093261480331421,0.5257294178009033,0.7709237933158875,0.8276906609535217,0.3626912236213684,0.712135910987854,1.0,0.09904085866775847,0.094531506173919,0.050927204300757326,0.07570475623020283,0.10005716750809608,1.0,0.059268004709850636,0.06149077594179039,0.05342370700378488,0.09936900225161716,1.0000000000000002,0.05022169121390903,0.0884752524242098,0.07652100200832489,0.9999999999999999,0.05304403699654987,0.09057631670077823,0.9999999999999998,0.07038598658276266,1.0,1.0,0.7378853832135501,0.6167972660842937,0.667986476501424,0.36331723443600983,1.267106754218919,1.0,0.4148692847413922,0.567318076536432,0.48109816802628036,1.0412061817712128,1.0000000000000002,0.3645049448271661,0.23099720040026284,0.5337771738894621,1.0,0.40813250508037346,0.31780505499158973,1.0000000000000002,0.5306017833097437,1.0000000000000002,0.9793564439126652,0.47108903567579297,0.6727621439229857,0.7961894121187301,0.31770849697183684,0.637148129103263,0.107125,0.286625,0.330625,0.02925,0.14725,0.042875
166,28,4,6-variate,1.0,0.23731400350966356,0.269307137015463,0.1628011313766997,0.19552813776878392,0.22791341266475582,0.9999999999999998,0.14615891755019322,0.1759150113596745,0.13666109100045684,0.21423513934821864,1.0,0.12010905146231016,0.2756172516740895,0.23746643658845176,1.0,0.1428355883242987,0.2460664530317381,1.0,0.19759375552894168,1.0,1.1511396169662476,0.558840274810791,0.8037582039833069,0.8454710245132446,0.35061144828796387,0.7617964148521423,0.9999999999999998,0.10748188432871669,0.11862742415424868,0.06256106984458529,0.08302270591484011,0.10352287257917517,1.0000000000000002,0.05917497578287088,0.07294833690472909,0.03976430216319458,0.09810751796216148,0.9999999999999999,0.03750511775079537,0.10348563090012314,0.10561619319800661,1.0000000000000002,0.05265999270369011,0.10821727587475787,1.0000000000000002,0.07910504239112312,0.9999999999999999,1.0,0.7880730593776378,0.7758596787781484,0.9185736220260696,0.4146699976080787,1.1604531899537787,0.9999999999999999,0.44398721055207274,0.6858237387024998,0.3987728218868377,0.9825401071805467,1.0,0.4169247669196465,0.3171143061754104,0.6540318173154348,1.0,0.422554400009534,0.3605436435318528,1.0,0.5569590811273554,1.0,1.0374620582342289,0.490188004380389,0.6979896085671613,0.7987049897628028,0.32589891167580864,0.6532942282147357,0.1185,0.297,0.33425,0.030625,0.14675,0.045875
167,28,5,6-variate,0.9999999999999998,0.2675921488579756,0.2359942310836349,0.15128767520079653,0.22390056955378243,0.23024363959811522,0.9999999999999998,0.1982549598210708,0.21900709828240797,0.1934523342971535,0.24381684323821387,1.0000000000000002,0.1552344530928698,0.2616728835556109,0.24891804845639015,1.0,0.21437854331531964,0.29691605873525573,0.9999999999999999,0.2583001095112398,1.0,1.214952826499939,0.5841923952102661,0.8805702328681946,0.904288649559021,0.3680042326450348,0.7677102088928223,0.9999999999999998,0.12354586913131596,0.11848489758175862,0.058740873618630965,0.0935723186644198,0.09528870830823093,1.0,0.07484424161060885,0.08386703168596096,0.07981652265782517,0.10680243670097034,1.0,0.06048346597236894,0.12410064444237803,0.11588508849010579,1.0000000000000002,0.06970880706250801,0.13676683300887435,1.0000000000000002,0.10610879622704056,1.0000000000000002,0.9999999999999999,0.8886206288295423,0.6798870709241184,0.8536107937601671,0.4748413218672167,1.1723177895037615,0.9999999999999999,0.6022394990293786,0.8538228808500745,0.5644879993164522,1.1182097936497712,1.0000000000000002,0.5388527761578963,0.301070620089265,0.6855719314839016,1.0,0.6342020038699384,0.4350498629406788,0.9999999999999999,0.7280728253991766,1.0,1.060907095394322,0.4859631947826436,0.7158608038049554,0.818135811117105,0.32752471815975326,0.668822175323767,0.117,0.30175,0.33075,0.030875,0.14275,0.04625
168,29,0,6-variate,1.0000000000000002,0.029575946212735918,0.0276522929391796,0.012240032175092485,0.02886191860963585,-0.011009517588692034,0.9999999999999998,-0.05113790110267594,0.04041509473218569,-0.010136490582398188,0.015519172198327573,0.9999999999999999,-0.010680292681017375,-0.0029039342898690636,-0.03167512127954688,1.0,-0.04864879204002116,0.008558546109060388,1.0,-0.060647390097937515,0.9999999999999998,0.7637860774993896,0.49840211868286133,0.5358487963676453,0.4549480378627777,0.35662150382995605,0.6154190301895142,1.0000000000000002,0.01511506882482327,0.012008008364823766,0.013854254760460837,0.007278039115237747,-0.002657201337366071,1.0000000000000002,-0.020371898587069157,0.0030123126740968886,-0.0022910066929438715,-0.003429298704903315,0.9999999999999998,-0.003530600458929445,0.00782452736480452,-0.007045722917278879,1.0,-0.002458025398721149,0.016102324012627716,1.0,-0.03196995938844018,0.9999999999999999,1.0000000000000002,0.098215943944769,0.07966473333291495,0.06906210360847134,0.06120947888746504,-0.05605650697022614,0.9999999999999999,-0.15534181679847583,0.15756262037174104,-0.029578039874074334,0.07117513070673649,0.9999999999999999,-0.03707355000292407,-0.0033411406770259434,-0.08723985347896661,1.0,-0.14391912486489103,0.012540208892860658,1.0,-0.17094725813793993,0.9999999999999999,0.7599195545690689,0.4842062571612599,0.5610347640151385,0.44172476808478245,0.3461119375435143,0.6032734955730694,0.086875,0.284375,0.311,0.027375,0.143375,0.03775
169,29,1,6-variate,1.0,0.15664861884581519,0.0909967783175692,0.082260209226087,0.06754069412996586,0.06452391764657932,1.0,-0.03194168573096406,0.028024123055926824,0.0892367368588075,0.06649556323136005,1.0,-0.0020461039668408466,0.06127705652515086,0.05198251599186913,1.0,0.0751445542978797,0.0911936865340451,1.0,0.05523301847124386,1.0,0.8575364351272583,0.546057939529419,0.6278204917907715,0.4765253961086273,0.3742575943470001,0.6722803711891174,0.9999999999999998,0.07427606403909615,0.0401970625513938,0.04183720684342139,0.03284659285867859,0.018480236723566294,1.0,-0.010567070008696848,0.020036407927044076,0.027837198308407977,0.043534563522150835,0.9999999999999998,0.0028805255006818576,0.035245165128995636,0.03335138238880168,0.9999999999999998,0.011209805915063374,0.03849236718402691,1.0,0.016962784642600415,0.9999999999999998,1.0,0.5201991295513803,0.26215695618074014,0.4641369870133926,0.14323827468950978,0.32853260010382335,1.0,-0.09702934373918143,0.1092549871111944,0.26039011663433154,0.30496678198794935,1.0,-0.007102519228764892,0.0705029520910033,0.14317063030558896,1.0,0.2223022753106569,0.13361962132602076,1.0,0.1556858000231649,1.0,0.8463990776953072,0.5181596874730415,0.63681443585923,0.4497925888829178,0.3593850285295679,0.6507129112209828,0.0885,0.292375,0.31475,0.024875,0.14,0.04625
170,29,2,6-variate,1.0,0.2040755926381702,0.10502209358324147,0.1671946072868001,0.12019048956050785,0.05974398610788664,1.0,0.03877758955597343,0.12250233067544485,0.12041369895672452,0.16289480964040415,1.0,0.10587101343710942,0.1559879636534625,0.12607971499594012,1.0,0.06563329599547414,0.0869295989875785,0.9999999999999998,0.09057482685706249,1.0,0.965039074420929,0.5768721699714661,0.7155335545539856,0.5018316507339478,0.38898301124572754,0.7327508926391602,1.0000000000000002,0.08444698286875355,0.054786669823116224,0.07557377926227643,0.058163704555209056,0.03195032003329568,1.0,0.001526948392624339,0.039514160217255026,0.055341826192837486,0.06828100658283738,1.0000000000000002,0.04416959867590491,0.06314141464763687,0.06186122898770613,1.0000000000000002,0.030373014496803487,0.04794558441513682,1.0000000000000002,0.03703324636809939,0.9999999999999998,1.0,0.677694791144168,0.30256323296401,0.9433626901289386,0.25489628055533825,0.30419492907294043,1.0,0.11779475470793724,0.4775887855043565,0.351363614527353,0.747079645904549,1.0,0.36750146507787657,0.17947369982281333,0.34724971258998794,1.0,0.19416468081231197,0.12737173880723515,0.9999999999999999,0.2553040179112993,1.0,0.8923516465006677,0.5327108684284395,0.6752457786205598,0.45987973479041305,0.36170719074720337,0.6808035467550473,0.095625,0.295,0.312375,0.028375,0.144,0.045125
171,29,3,6-variate,0.9999999999999998,0.17906269082786275,0.18303706922166768,0.15907891985636277,0.182268177674056,0.10261720737381928,1.0000000000000002,0.11262163510835144,0.1451340927969286,0.15033119586558963,0.1391550108852987,1.0,0.07904594224601039,0.2144805030901943,0.218408263615133,1.0000000000000002,0.10883200158123565,0.13170013343422474,0.9999999999999998,0.15739172961117828,0.9999999999999999,1.0128618478775024,0.582825779914856,0.7603901028633118,0.5141216516494751,0.41308459639549255,0.8091024160385132,1.0,0.08906720186214465,0.08380522055766938,0.08418167902725904,0.09240227916718577,0.05366158469976725,0.9999999999999999,0.04235246078492329,0.04994555764311173,0.06301584765714276,0.07285987869586044,0.9999999999999998,0.0315612419732511,0.0836672211895962,0.11680784590594245,1.0,0.04744729996844984,0.06228222223175425,1.0,0.08252989528483756,1.0,0.9999999999999999,0.5946316845791074,0.5273201685956603,0.8975716363935196,0.38654866192779963,0.5224899414597364,1.0000000000000002,0.3421110744936142,0.565821183949731,0.4386619602658336,0.6382025141227669,1.0,0.27438586465948084,0.24677279608067934,0.6015416039252847,1.0000000000000002,0.321960648909681,0.1929707915443934,0.9999999999999999,0.4436413048704106,0.9999999999999999,0.9251390184148659,0.5382195790680285,0.6913016734980877,0.4645227690337668,0.36384609220164155,0.7077941203778588,0.099625,0.28875,0.31375,0.02825,0.14025,0.050875
172,29,4,6-variate,1.0,0.2100573598734672,0.20962508927398685,0.18140976565500305,0.23478686374072594,0.1291862453657716,1.0,0.16358474302973514,0.14275648839580027,0.18488043046277125,0.19095064687367838,1.0,0.13335687742410154,0.2646387250099327,0.2992466362542945,1.0,0.17898428083724294,0.13538130154140768,1.0,0.2812032851572218,1.0,1.0578147172927856,0.6164990067481995,0.8129315376281738,0.4980563819408417,0.40873029828071594,0.7774266004562378,1.0000000000000002,0.09082231444243093,0.08995551499580055,0.08775794442919939,0.09682466724884035,0.04839839214107302,0.9999999999999998,0.06143565669414861,0.06405495445289419,0.0713448355573942,0.07990647865596985,1.0,0.04181823085519997,0.09677798621058274,0.13869071197855712,1.0,0.05483033233092302,0.06834063422015649,1.0,0.11265941464560508,0.9999999999999999,1.0,0.6975589990085421,0.6039188655537152,1.0235691572499483,0.497928731557433,0.6577698508907824,1.0,0.49692161429595855,0.5565517801420392,0.5394754473976684,0.8757511417984442,1.0,0.462911173811494,0.30448294074322846,0.8241871972657341,1.0,0.5294942072135218,0.1983645263520467,1.0,0.7926300390702611,1.0,0.965170647123209,0.5538386432055366,0.7178045662323299,0.4676813218811899,0.3704176813399696,0.6956298316320525,0.103125,0.280625,0.311875,0.030375,0.1485,0.05125
173,29,5,6-variate,1.0,0.18225934595790377,0.19036338730006225,0.2643900861695242,0.2199501591999764,0.162662480116661,0.9999999999999998,0.1534213773573568,0.20605004230015278,0.1605264769029829,0.18382166662943172,1.0,0.12304833631042128,0.22642104718783226,0.2970283644879388,1.0,0.11179543857104461,0.20791977277244547,1.0000000000000002,0.2734247522393966,1.0000000000000002,1.0401360988616943,0.5907045602798462,0.8196948766708374,0.5028491616249084,0.4041249454021454,0.7790402770042419,1.0,0.08714263001131184,0.08166235178235778,0.09265189916279706,0.10815545230186492,0.05098585071642171,1.0000000000000002,0.06301325220104168,0.08352095970609674,0.06080589504213295,0.08058884991082778,1.0,0.042990051611815946,0.10662299499516871,0.12000306225671464,0.9999999999999998,0.06051103863113086,0.07955335291551405,1.0,0.13969127305566775,0.9999999999999998,1.0,0.6052470864518288,0.5484270494724397,1.4917690646831967,0.4664634616282419,0.8282187226744775,0.9999999999999999,0.4660485309850926,0.8033087809476995,0.468411481600048,0.843055811643828,1.0,0.4271278037016084,0.2605112386994807,0.8180777199977797,1.0,0.3307274648100635,0.3046500424633368,1.0000000000000002,0.7707045487718298,1.0000000000000002,0.9501650109928739,0.5448154078954481,0.7312065942437823,0.4581475274020626,0.37389422892196544,0.6949898644775426,0.09775,0.28725,0.310625,0.026625,0.143375,0.04775
174,30,0,6-variate,1.0000000000000002,-0.03824913297405383,0.02237540001698418,-0.05187820627375482,0.02647915091476332,-0.01675593382701478,1.0000000000000002,-0.045795571870794444,-0.021122083375371376,-0.011037798055026917,0.034090853749173165,0.9999999999999999,-0.05671045807424435,-0.0027527249178742014,0.000570463582046816,0.9999999999999998,-0.022086742353133543,0.01112407466259339,0.9999999999999998,-0.0284506898817407,1.0000000000000002,0.7636906504631042,0.4628880023956299,0.5431680679321289,0.7015458941459656,0.2898623049259186,0.5666711926460266,0.9999999999999999,-0.014543466745044701,0.004147610388420005,-0.02092659551184196,0.002823961610408867,0.0003171561704107119,1.0,-0.012192494433567916,-0.01943391896428877,0.00308424409931854,0.0016418231616857155,0.9999999999999999,-0.013645146239393323,-0.003621477877731872,-0.009110250748898341,1.0,-0.015002816935089919,-0.005129149529541738,0.9999999999999999,0.0020003135799617293,1.0000000000000002,1.0000000000000002,-0.12701779511182368,0.06446238146819752,-0.29271249007361266,0.05615616029378375,-0.08531520773003858,1.0000000000000002,-0.1391132238310816,-0.08234678355330546,-0.032207989746096545,0.1563497961900993,0.9999999999999999,-0.19685439633474316,-0.003167187485501059,0.0015711328313138537,0.9999999999999999,-0.06533974266896955,0.016299302058230276,0.9999999999999999,-0.08019417032865224,1.0000000000000002,0.7534260101695677,0.453653964584987,0.536347042903937,0.6943472998584086,0.2979446027126625,0.5829820335124585,0.091125,0.28475,0.31125,0.021,0.142375,0.0415
175,30,1,6-variate,0.9999999999999998,0.03853746456232039,0.13423585626050424,0.09879835554333545,0.08185739434476828,0.09259665904109234,1.0000000000000002,-0.0008144347906048145,0.006663310035546672,0.003526403702102086,0.06786672038951547,1.0,0.017967577334108222,0.11017837490603001,0.1010070398739796,0.9999999999999999,-0.0058261164197228165,0.08373233295793395,1.0000000000000002,0.07997204600989309,0.9999999999999999,0.9131077527999878,0.5030699968338013,0.6048292517662048,0.7321727275848389,0.29061394929885864,0.623740017414093,0.9999999999999999,0.018753739529615777,0.054981539219449316,0.04858439584685844,0.04024723866177382,0.04260305706468009,1.0,0.011798904432146472,0.0033373638007174553,0.014952883027208498,0.03994295544667814,1.0000000000000002,0.000274494564932356,0.03735515104829631,0.040508937835300136,1.0,0.0034783552087520597,0.04558710132115301,1.0,0.04180931316003789,1.0,0.9999999999999999,0.1279753186560275,0.3867264480118387,0.5574505479489319,0.17360061781638753,0.4714688602586851,1.0000000000000002,-0.002473941960786391,0.0259776906536275,0.010290014601558272,0.3112551403613379,1.0,0.06236942117187444,0.1267669386158445,0.2781942366200351,0.9999999999999999,-0.017235513789425738,0.12268699687064515,1.0000000000000002,0.22541796999082822,0.9999999999999999,0.8792225443461852,0.4843277365943055,0.594682499510412,0.7204396014587034,0.3019331939421812,0.6283856970523545,0.10575,0.28975,0.30775,0.021125,0.139,0.046875
176,30,2,6-variate,1.0,0.12879502844460541,0.18109455001745484,0.18195139957427983,0.2195162260884317,0.18824374101136773,1.0,0.0253857967750223,0.06872838277311756,0.07712713638969823,0.12022119357389714,0.9999999999999999,0.059994657217779426,0.13768334072459495,0.19639227533784745,1.0,0.0827969787275992,0.11585950597581307,1.0,0.12544296605771507,1.0,1.0130531787872314,0.5101785063743591,0.6724531650543213,0.7856031060218811,0.3418039381504059,0.7254606485366821,0.9999999999999999,0.05364076957057284,0.08439144236679953,0.08368810337554107,0.08976802514745315,0.08193292752755746,1.0000000000000002,0.021747370550940906,0.043854041607360686,0.020217679359557827,0.061361782856024234,1.0000000000000002,0.012554874973533758,0.07402584151031322,0.08318318022191593,1.0000000000000002,0.03821276776553377,0.051137350298776474,0.9999999999999999,0.04973824090107631,0.9999999999999998,1.0,0.4277028514308183,0.5217238173186768,1.02662498845242,0.4655430823632865,0.9584693013440616,1.0,0.07711447739254226,0.26794504672738007,0.22505459350831092,0.5513670328303659,0.9999999999999999,0.20825459598754922,0.15841307127473886,0.5409049408597907,1.0,0.244940638005089,0.16976066731419345,1.0,0.3535872584497954,1.0,0.9430880993233582,0.48720423757718495,0.624186114975711,0.7559804438076625,0.3157063735904842,0.6597528128048034,0.109125,0.284,0.312625,0.025875,0.143875,0.04925
177,30,3,6-variate,1.0,0.18304815380848516,0.21491058119504763,0.2720016199498495,0.1562650206902108,0.19236495654302416,1.0000000000000002,0.10324980183267347,0.1450493187233037,0.07059382116146201,0.19719769259245531,1.0000000000000002,0.0896895334756594,0.1413356774472887,0.1877093423711557,1.0000000000000002,0.07890384399199135,0.20674183976700058,0.9999999999999998,0.1424675481064521,1.0000000000000002,1.092501163482666,0.5514904856681824,0.7360498905181885,0.8220891952514648,0.31685692071914673,0.7329529523849487,1.0,0.07969827973756269,0.09908812122199975,0.13776007787763933,0.10168999627132841,0.08650604815530637,1.0,0.04029164522336723,0.05770261983377875,0.037861018504590276,0.08968608876213913,0.9999999999999998,0.017947099834258337,0.07519560130475261,0.08908643647531507,1.0,0.0406937648342032,0.09009463219793735,1.0000000000000002,0.06787628495426717,1.0000000000000002,1.0,0.6078669417578582,0.6191460895924734,1.5347158245428374,0.3314020260529471,0.9794528876092276,1.0000000000000002,0.3136420997691646,0.5654905436118793,0.20599040878364552,0.9044017719563178,1.0000000000000002,0.3113320754689295,0.16261528882241874,0.5169904042573857,1.0000000000000002,0.23342338528960443,0.30292409452144203,0.9999999999999999,0.40157441938971283,1.0000000000000002,0.9933441910925218,0.5062631153124691,0.6379798214171737,0.7758582405662229,0.32263070312460135,0.6779348215717448,0.1145,0.29025,0.3175,0.023625,0.147875,0.05575
178,30,4,6-variate,0.9999999999999998,0.24413200803292448,0.2565008221528822,0.2614240449572642,0.2344251313998602,0.26269519445209366,1.0,0.1553183692005811,0.12995497543288223,0.11912889422018316,0.24402235015460838,0.9999999999999998,0.11475965050551779,0.16130652090996134,0.22180988615616173,1.0,0.07302336006295973,0.22253940687118925,0.9999999999999998,0.1353297483446951,1.0000000000000002,1.1623873710632324,0.5938515663146973,0.7717944383621216,0.8417686820030212,0.3226277232170105,0.7742103338241577,0.9999999999999998,0.10661049635512021,0.10999371059770029,0.12786415436972823,0.09874780632670631,0.1129900329555446,0.9999999999999998,0.05238046898492591,0.04885997836330229,0.04434454577489555,0.10886431910848587,1.0,0.038540957479465454,0.0674137114102843,0.10129030927059267,1.0000000000000002,0.03456711639061535,0.10450544094652799,0.9999999999999998,0.075512852040895,1.0000000000000002,0.9999999999999999,0.810714186356632,0.738965354466612,1.475033760462342,0.4971615327907706,1.337549123074513,1.0,0.47181076227714436,0.5066437642032005,0.34761452630423934,1.1191525067100716,0.9999999999999999,0.3983559491257299,0.18559299262925702,0.610910695693693,1.0,0.21602696761403345,0.3260711954233578,0.9999999999999999,0.3814550033628372,1.0000000000000002,1.0293904129682532,0.5211408385980859,0.6666814111970172,0.7912068662509125,0.3186767368365157,0.6965656937530438,0.120875,0.287875,0.325625,0.020875,0.148125,0.05425
179,30,5,6-variate,1.0000000000000002,0.190803972420156,0.2609496988251694,0.3051178221746589,0.2506474499311961,0.24179488211577532,1.0,0.08836419134458628,0.14302259970910416,0.13618992339140062,0.23789260778487362,0.9999999999999998,0.15590560771593645,0.20305861548471257,0.23764782941949344,1.0,0.1527076581217012,0.23982866169358816,0.9999999999999998,0.1854340187553075,1.0,1.1247951984405518,0.5775429010391235,0.7608920335769653,0.8494025468826294,0.34849971532821655,0.803604245185852,1.0,0.08510951583984912,0.12092655898001496,0.13879356048936733,0.10487746661949475,0.11740656091250537,0.9999999999999998,0.038801220637127695,0.05873717121450013,0.07103669051395572,0.121655468492386,0.9999999999999998,0.05284415409860176,0.0859667337850455,0.09458171771125218,0.9999999999999998,0.04604773420106156,0.10384471126782571,0.9999999999999998,0.07812158228183512,0.9999999999999999,1.0000000000000002,0.6336225422890115,0.751782333175357,1.7215669612661357,0.5315653217458991,1.231132962899861,1.0,0.26842400035671937,0.5575892027240706,0.39739806731889066,1.0910395511985753,0.9999999999999999,0.5411825590234259,0.2336312479317291,0.654531515763051,1.0,0.45175917445087044,0.3514038257566267,0.9999999999999999,0.5226842921511113,1.0,1.0143220089404639,0.5236746030689456,0.6676025405632388,0.7856210684455828,0.3189379232957842,0.7012814038295,0.11225,0.287125,0.313875,0.022875,0.1465,0.05475
180,31,0,6-variate,0.9999999999999999,-0.04223601635664827,0.043760818974551925,-0.0050944443510113225,-0.003920174512965575,0.029022400263103317,1.0,0.03919040824322646,0.012256832553442717,0.02183928905203852,-0.0045261754309332295,1.0000000000000002,0.030902800362075163,-0.035631054870421626,0.03310278235296891,1.0000000000000002,0.011869374127893491,0.013974597794675189,0.9999999999999998,0.0030440037890233007,1.0,0.8487558364868164,0.2913283407688141,0.48495274782180786,0.5664523243904114,0.2894081175327301,0.5857239961624146,0.9999999999999999,-0.014047358508527785,0.00789111326399346,-0.0043041640463485145,-0.00028909996163158075,0.019006537096589428,0.9999999999999998,-0.0076668962361793585,0.013370202568578914,0.008136662786300717,0.0005503230338534434,1.0000000000000002,0.0037709887049537944,-0.012335819058421092,0.01322966173475664,1.0,0.003148134568948346,0.015797524403115173,1.0,-0.0008063849034806001,0.9999999999999998,0.9999999999999999,-0.14025746722100327,0.12607261259379615,-0.028744347297297534,-0.008313743919091152,0.14777151103562108,1.0,0.11904885142998448,0.047784655596813545,0.06372640670701195,-0.020758194500420078,1.0000000000000002,0.10727038560491972,-0.04099567178934184,0.09117203405682087,1.0000000000000002,0.03511344075252309,0.0204759407607429,0.9999999999999999,0.008580257629774796,1.0,0.8667383616716418,0.30016501393451006,0.4522027848803854,0.5502620656608271,0.29702751369693114,0.5805333404631973,0.09075,0.2925,0.314875,0.0245,0.149125,0.04125
181,31,1,6-variate,1.0000000000000002,0.05513491335667963,0.08012701625266891,0.05218774994111124,0.05004720235241191,0.1202295760890403,1.0,-0.009425004361499232,0.07019516295190718,0.07024180481980279,0.0790360090880464,0.9999999999999999,0.0003895428839025232,0.0643804280971685,0.10005380791206266,0.9999999999999998,0.045616426288001964,0.07965229845553119,1.0,0.05501013653383079,1.0000000000000002,1.0123881101608276,0.3454549312591553,0.529977023601532,0.5863372087478638,0.2952514588832855,0.652748703956604,0.9999999999999998,0.03208391596306097,0.03468554115466753,0.02525182639709438,0.02466597508628863,0.05858733968601524,1.0000000000000002,0.010402331002540887,0.029090023607783625,0.03325230138132411,0.036642064490650876,1.0,0.004713384379717007,0.023421677482221428,0.04801507473223873,0.9999999999999999,0.012471950956938593,0.056367105707750415,1.0,0.021946137191680613,1.0000000000000002,1.0000000000000002,0.18309208873546332,0.23084176982491073,0.29445908820756006,0.10613859464444576,0.6121658401051115,1.0,-0.02863032206614298,0.2736637120866399,0.20496340575026673,0.3624804485718552,0.9999999999999999,0.0013521674936092115,0.07407360710366867,0.27556897321186213,0.9999999999999999,0.13494829916139475,0.11670879429440875,1.0,0.15505749357295706,1.0000000000000002,0.9884930840886741,0.3257559992728711,0.4879595748301278,0.5690181778957016,0.302436757419097,0.6230548725899536,0.099,0.2925,0.318875,0.027125,0.15225,0.04025
182,31,2,6-variate,0.9999999999999998,0.03607862604530782,0.12620772689557314,0.10617622676866353,0.048371692003729,0.12583278790837207,1.0000000000000002,0.08372606645526531,0.08196727118613152,0.04348681122375486,0.12348205442594684,1.0,0.04903010880383223,0.131637066582199,0.13817656244492074,1.0,0.09326993220365709,0.10502511453816105,0.9999999999999999,0.11643399436489332,1.0,1.1325830221176147,0.3368856608867645,0.5734901428222656,0.5896124839782715,0.2960833013057709,0.7036021947860718,1.0000000000000002,0.029323991292200025,0.05327724601102385,0.03960383904788299,0.0295125606276952,0.06149621760203572,1.0000000000000002,0.019561376993924077,0.03819814999593036,0.040864522990141185,0.054941604373908035,1.0000000000000002,0.021152444096421693,0.05712520633334131,0.07487410195522361,1.0,0.03464310404536764,0.06185205642246253,0.9999999999999998,0.04881973969879991,1.0000000000000002,0.9999999999999999,0.11980997088273004,0.36359780306561196,0.599078426850102,0.10258518784137613,0.6406955043298694,1.0000000000000002,0.25433484419873964,0.319558402260221,0.126893205280546,0.5663223336645028,1.0,0.17019438369828196,0.15145642663192402,0.38056687872774375,1.0,0.2759229998592675,0.15388582354384464,0.9999999999999999,0.32819353749362573,1.0,1.0873627575807616,0.3300819988948309,0.5232675918102103,0.5719599183653211,0.3037360082085224,0.6569640358330902,0.10975,0.291875,0.317,0.028875,0.14625,0.045875
183,31,3,6-variate,1.0000000000000002,0.14873858347198107,0.18931776777434633,0.17541878860810842,0.16827530704278634,0.165329440033529,0.9999999999999998,0.08151242445047074,0.11136411717288652,0.03941989013536023,0.09300091192731925,0.9999999999999998,0.0757232285087357,0.1604464634577135,0.21121772639795905,0.9999999999999999,0.11978733426540449,0.1687829893013431,1.0,0.1237393102682719,1.0000000000000004,1.2204995155334473,0.34889426827430725,0.5916576385498047,0.5935196876525879,0.3290294110774994,0.7479334473609924,0.9999999999999999,0.05186598332077528,0.0810954889147902,0.071600564484466,0.055446006639582365,0.07095890333824638,1.0,0.045269240633975076,0.05123078960801128,0.018785234288103428,0.047029450440059226,1.0000000000000002,0.021468983859088152,0.08067509225167169,0.09252657140462343,0.9999999999999998,0.04403152229519717,0.08032812759681428,1.0,0.047770648350247726,0.9999999999999999,1.0000000000000002,0.49393161215885295,0.5454146318727814,0.9897660158179609,0.35687299134781564,0.8417981721027179,0.9999999999999999,0.24761048423697526,0.4341653478165688,0.11502609236948248,0.426527467988073,0.9999999999999999,0.2628519126419638,0.18460342931764034,0.5817374254227955,0.9999999999999999,0.35437010816571557,0.24730563847169929,1.0,0.3487851078505942,1.0000000000000002,1.162729079125636,0.3350865472682526,0.5285732252128538,0.5650535731183816,0.30447436171896947,0.6932460385203811,0.116375,0.291,0.317875,0.030125,0.153875,0.047
184,31,4,6-variate,1.0,0.1685766809270647,0.18218593518552742,0.1734893621163544,0.1383027923852422,0.19030626544963625,1.0,0.14670312112256217,0.13497084505629459,0.09709126098339547,0.12077162891498233,0.9999999999999998,0.08375095871828839,0.198559347109538,0.2152986176169462,1.0,0.1227154497310922,0.19822901119703862,1.0,0.16787490756364754,1.0000000000000002,1.290765643119812,0.3764577805995941,0.590960681438446,0.6062744855880737,0.3456362783908844,0.7663944363594055,0.9999999999999998,0.06953412940904904,0.09036971983437901,0.07697128274174818,0.05979043958991718,0.09076536458630857,1.0,0.05000820723881125,0.06408007410686438,0.04270434511063641,0.06412684158023499,1.0000000000000002,0.03953065378097319,0.11197303493015119,0.09545761056584885,0.9999999999999998,0.03942188773534004,0.09954689875919442,1.0,0.06348109528491384,1.0,1.0,0.559809800699695,0.5248680465908099,0.978879606290739,0.2933083109828992,0.9689710352770471,1.0,0.4456404206166295,0.5261985374382612,0.28330944624861726,0.5538912458548639,0.9999999999999999,0.29071803315096917,0.22845461841323805,0.5929770462238032,1.0,0.36303253052496437,0.2904508260967996,1.0,0.47319035761773276,1.0000000000000002,1.196272844205109,0.3396010049349982,0.5247486024467007,0.574207267342838,0.3062918122790006,0.6828413305652249,0.12,0.287875,0.324125,0.026,0.144125,0.049375
185,31,5,6-variate,1.0000000000000002,0.16959136831803465,0.19089368482219077,0.16779075876933333,0.19746852459653516,0.20294301710204268,1.0,0.08425083192988021,0.12689354823469662,0.09425697109655927,0.1768883073717242,1.0,0.1049592252054681,0.2273479614076233,0.2667660397552413,1.0000000000000002,0.11738507862043056,0.20919505770725544,1.0,0.16894657593887716,0.9999999999999999,1.2810090780258179,0.39648622274398804,0.6121407151222229,0.6170027256011963,0.3419901132583618,0.7421499490737915,0.9999999999999998,0.07781214970090436,0.09021392272644525,0.08378228434848656,0.07183511941581812,0.10311734245010663,0.9999999999999998,0.039427697016055675,0.06875132062536256,0.061414497033925874,0.08509939962516053,0.9999999999999998,0.026031138289938412,0.10045246269226259,0.11804997488154297,1.0,0.05296632785840196,0.09941014542408591,0.9999999999999998,0.06969187440398623,1.0,1.0000000000000002,0.5631796921710138,0.5499546189382106,0.9467263576264326,0.41878520517616397,1.0333126761476819,1.0,0.2559289483300566,0.4947083146162062,0.2750390134064155,0.8112574274683907,1.0,0.36433661755172836,0.2615776877518439,0.7347292447849068,1.0000000000000002,0.34726345126514413,0.3065185593349861,1.0,0.4762110356143495,0.9999999999999999,1.2032144251203245,0.3430734667860165,0.5291194855071272,0.5820383231499917,0.31770578556395335,0.6622457086797193,0.121125,0.287875,0.3255,0.024,0.151,0.05075
186,32,0,6-variate,0.9999999999999999,-0.027308872732451285,-0.004589262141862166,-0.051540709624298305,-0.035589276133049665,0.017406077160634487,1.0,-0.037016976102743696,-0.05042552004817254,0.02570565598231263,0.02227360637982006,1.0000000000000002,0.0007476132216138104,-0.06744071030305523,-0.0036204145197176523,1.0,0.018667648836661197,-0.005493727373137,1.0,0.0008704230127878744,1.0000000000000002,0.7760170102119446,0.4793492555618286,0.5888687372207642,0.45207270979881287,0.2957342565059662,0.5424256324768066,1.0000000000000002,-0.014146032998096055,0.002454758175526612,-0.021371884965805228,-0.016490918515679683,0.006800565043112795,0.9999999999999999,-0.011771235875543646,-0.014010580636664723,0.002427459530613421,0.006874953961689095,0.9999999999999998,-0.004658957380803737,-0.032954059545622263,-0.008994281528791078,0.9999999999999998,-0.0071640513886959,-0.010604182208710743,0.9999999999999998,0.008557742594437175,1.0,0.9999999999999999,-0.09068741034919531,-0.013221435967213984,-0.2908083177523104,-0.0754766636995389,0.08862549682913101,1.0,-0.11244658700742574,-0.19658955983026907,0.07500833922313557,0.10215283338242132,1.0000000000000002,0.0025951165425972676,-0.07759465238975534,-0.009971474584997994,1.0,0.05522498013693524,-0.008049559153984216,1.0,0.002453472888073408,1.0000000000000002,0.7628012344450313,0.4830669124502659,0.5822692443484664,0.4700698266534876,0.2958274068061145,0.5424445949432476,0.079125,0.294625,0.307625,0.01875,0.140625,0.04375
187,32,1,6-variate,1.0,0.07868892078193329,0.1208340336665039,0.08312387296444756,0.03384743124892705,0.04231675123741079,0.9999999999999999,0.014786828027531423,0.0501521904193251,0.08052654968314564,0.13042973141831865,1.0,0.011783826336631085,0.035335803889712795,0.09627139328337637,1.0000000000000002,-0.005949593756406438,0.06433786516992421,1.0000000000000002,0.07384046648405458,1.0,0.8925939202308655,0.5480682253837585,0.6459899544715881,0.5031217932701111,0.322174608707428,0.590900719165802,1.0,0.03720523827853966,0.054824727374475135,0.029191727137953156,0.027703633766381467,0.028117194406567913,1.0000000000000002,0.001826716975615194,0.010805029375996119,0.019555072728164067,0.05149563040211432,1.0000000000000002,-0.0011040276799319517,0.002237220851946433,0.04414912711454799,1.0,-0.00654688377898024,0.02593959682690517,1.0,0.03838215092214189,1.0,1.0,0.2613103675739295,0.34811652736210796,0.46901010556617573,0.07178257285560466,0.21546176789444021,0.9999999999999999,0.04491793035249406,0.19552382604722504,0.23497397875616138,0.5981859160677532,1.0,0.04090424858615746,0.040655976376538644,0.26515138395637017,1.0000000000000002,-0.017600920037675195,0.094269663184899,1.0000000000000002,0.20813461679169387,1.0,0.8711522927132274,0.5252394957666134,0.6286926916255189,0.4853354474455241,0.31107820302321393,0.5826585392003271,0.087125,0.2975,0.315375,0.0195,0.14875,0.046
188,32,2,6-variate,1.0000000000000002,0.1099535166549871,0.19058405907396703,0.11495603591256806,0.09973334735885515,0.16626616434914418,0.9999999999999998,0.09296573491159058,0.15907498744945964,0.020882222261729144,0.10786391901936981,1.0,0.05211695322939924,0.042312503812218565,0.12736522781311763,0.9999999999999998,0.04012423518735146,0.08840342967114961,0.9999999999999999,0.1239171720973927,0.9999999999999999,1.005493402481079,0.6317969560623169,0.7328284978866577,0.5106164216995239,0.36065223813056946,0.6411815881729126,1.0000000000000002,0.05542734628837384,0.09250662025563423,0.047296153403006275,0.05558913183907519,0.0600978872094896,1.0,0.02402963295289182,0.04887238619342487,0.014056777259920777,0.06097381186492806,1.0,0.023856409576708506,0.030306670746247353,0.05230282831866654,1.0,0.004688729162514866,0.050444425171489664,1.0000000000000002,0.05276970297634008,1.0,1.0000000000000002,0.3651339415056096,0.5490628003411089,0.6486168246982732,0.21151133090966165,0.84656755626818,0.9999999999999999,0.282402237325589,0.6201713865183838,0.060933708511667566,0.49469328038860616,1.0,0.18090937542529087,0.04868306199501115,0.3507903130386699,0.9999999999999999,0.1187006260043008,0.1295312186682118,0.9999999999999999,0.34928640747170897,0.9999999999999999,0.9450812949324987,0.5568930598130757,0.6757976137875158,0.4873910221832366,0.32265344703936777,0.6056898400507301,0.096,0.304625,0.300125,0.0225,0.1485,0.047125
189,32,3,6-variate,1.0000000000000002,0.20033612741923926,0.22140380359898293,0.13943897958354723,0.20491650693616034,0.15262410377065366,0.9999999999999999,0.1011831910916318,0.07774332299201984,0.04463461213552755,0.14189383978815936,1.0,0.11200630758373631,0.14054964057547867,0.18818172720808293,1.0,0.1017544354697907,0.1677749813708404,0.9999999999999998,0.14042607580181451,1.0,1.0569967031478882,0.6198810338973999,0.7666388750076294,0.5063751339912415,0.33376121520996094,0.6882614493370056,1.0,0.09919304861312077,0.10085620380274553,0.06282823794875009,0.07628909926016343,0.06934582464377494,0.9999999999999998,0.04014955664289476,0.054382376338737014,0.023648802565268547,0.05407868380176227,1.0000000000000002,0.04607939357447116,0.056757775173170655,0.08347168971329226,1.0,0.02465292174829746,0.06770811863213168,0.9999999999999998,0.06300797222782922,1.0,1.0000000000000002,0.6652766424617209,0.6378528667792679,0.7867570194003163,0.43458050594401315,0.7771069975212777,0.9999999999999999,0.3073644532579637,0.3030909753715623,0.13024248078392286,0.6507633165007537,1.0,0.38879850137806043,0.16171088867078662,0.5182915059476884,1.0,0.3010229923093111,0.24582861668465594,0.9999999999999999,0.39582014800091725,1.0,0.9910765313794204,0.5752429442979288,0.7023779067740227,0.4990019018597364,0.32515838918264434,0.6255642065118816,0.108375,0.29575,0.320125,0.023125,0.142375,0.049375
190,32,4,6-variate,1.0,0.22380104461112812,0.24633169531647103,0.19664950381341267,0.2226021523607519,0.16738503669258453,0.9999999999999999,0.13793285242927872,0.1599059740968023,0.10970622528274268,0.22550891072639995,1.0,0.1273936034262428,0.15780154296148127,0.22137287211955772,0.9999999999999998,0.11390185466738438,0.18449049239584078,1.0000000000000002,0.16245423396867412,1.0000000000000002,1.127859354019165,0.6217747330665588,0.8029916286468506,0.5089313387870789,0.36094334721565247,0.7192772030830383,1.0000000000000002,0.09190436072745072,0.12219818985055457,0.07810442188004292,0.08976918127545051,0.06509659644064705,1.0,0.05275134420400069,0.060349459660038136,0.04305290925345326,0.09121010254189708,0.9999999999999998,0.03591953323604663,0.08597708572703743,0.09829757455128976,1.0000000000000002,0.02754140101300355,0.091524259680203,1.0,0.07294880792419886,1.0,1.0,0.7431990673942357,0.7096688582119173,1.1095563729521414,0.4720879244193966,0.8522646206152993,0.9999999999999999,0.4189989414230634,0.6234110286809641,0.32011946214197007,1.0342446702085168,1.0,0.44221109816439974,0.18156022030187385,0.6097069649421284,0.9999999999999999,0.33695887939144814,0.270320790853133,1.0000000000000002,0.45791118310099055,1.0000000000000002,1.0283017267679657,0.5687007651772416,0.7226378265586056,0.49844981115938597,0.33182082956282855,0.6391635452279121,0.104,0.301625,0.322,0.022625,0.15225,0.048625
191,32,5,6-variate,0.9999999999999999,0.21178300201565411,0.3277468924682537,0.1754465569897311,0.24850846677891728,0.18040896345729385,1.0000000000000002,0.11214470831489474,0.09456174135749286,0.1380902427142123,0.2463612047386557,1.0000000000000002,0.09882968346819308,0.24932392283227323,0.25634361815758794,1.0000000000000002,0.09841289300598755,0.2262087630143,1.0,0.22113857444033125,1.0,1.200194001197815,0.6319193243980408,0.8705344796180725,0.542167067527771,0.3763831853866577,0.7533001899719238,1.0000000000000002,0.10006831664532537,0.15379979553133258,0.08159670629647595,0.1125833836527829,0.07329768421515832,0.9999999999999998,0.05063005635735003,0.04879927914987966,0.05629754199890908,0.11607612068978543,1.0000000000000002,0.03593183636559251,0.10021586200531393,0.1146770998327887,1.0,0.0443797509508606,0.10334057435211279,1.0,0.0784069168353821,0.9999999999999998,0.9999999999999999,0.7032894070100533,0.9442216451588872,0.9899226934501717,0.527029032755677,0.918577526905738,1.0000000000000002,0.3406621499702445,0.3686592888158492,0.40294309690869395,1.1298789256939104,1.0000000000000002,0.3430594699011991,0.2868622998859191,0.7060235411974002,1.0000000000000002,0.29113763511786506,0.3314475600270772,1.0,0.6233249026802513,1.0,1.0636381363414515,0.5674936329721015,0.7393863115466691,0.5082700350402944,0.332730627082998,0.648221538130341,0.108,0.302625,0.32075,0.025,0.155375,0.0515
192,33,0,6-variate,1.0000000000000002,0.028347197917246412,0.013555594929974324,0.014280430651240308,-0.006026416804715274,-0.018699971281373046,1.0,-0.03871940248498026,0.049733642246758664,0.010665170259568018,0.051993588607889274,1.0000000000000002,0.0007625915717450043,-0.029067988840468587,0.04196155725466276,0.9999999999999998,-0.010639292720702633,0.006691889069229424,1.0,-0.026635190586332874,1.0,0.850700318813324,0.3540828824043274,0.5197232961654663,0.5658819675445557,0.34475719928741455,0.5071227550506592,1.0,0.014101244746860671,-0.0028043759564707954,0.007297083285355924,0.008809480775563958,-0.011984658199388874,1.0,0.0011897268454168636,0.0233092826164701,-0.004856964174185257,0.023036890533368416,1.0,-0.002720120349558877,-0.019511434639768354,0.014267540600802606,1.0000000000000002,-0.007038868056523799,-0.005070454936118237,0.9999999999999998,-0.0013653388415386777,1.0,1.0000000000000002,0.09413550941389238,0.03905299186696435,0.08057448360685661,-0.012780550840925371,-0.0952135045060299,1.0,-0.11761792939107334,0.1938919614576459,0.031120645405036628,0.23845666048836955,1.0000000000000002,0.002647088327214989,-0.0334445186066275,0.11557088154274586,0.9999999999999999,-0.03147447730106701,0.009805106180163996,1.0,-0.07507696511407065,1.0,0.848604276335426,0.3409724946798147,0.5124657855188441,0.5505306176438577,0.3582294384512214,0.5090361247808387,0.096625,0.28675,0.32625,0.030375,0.14075,0.04025
193,33,1,6-variate,1.0,0.1155746550938149,0.04182513698841707,0.07409994623166398,0.09308093336667735,0.034275240982036895,0.9999999999999998,0.030678576468498708,0.11089798527620928,0.029903432633845022,0.11051016528454904,1.0,0.021994287084794565,0.07643863300701137,0.08438741208181087,1.0,-0.02621630159305454,0.08613907484593661,0.9999999999999999,0.07784994100146643,0.9999999999999999,0.9333791136741638,0.39625611901283264,0.6138400435447693,0.5581731796264648,0.38497021794319153,0.573484480381012,1.0000000000000002,0.043623410887241976,0.014060172528740094,0.03976126467927938,0.051242018851862435,0.0052354110294329115,1.0,0.006949727800588675,0.05109948056043681,0.033572519991613044,0.049227202291992816,0.9999999999999999,0.0006671833592095904,0.03226588136732799,0.04583699720587262,1.0,-0.0010493863077326187,0.02279796567090275,1.0,0.031846000093694676,1.0,1.0,0.3838005521772301,0.12049601664178533,0.41809416983012515,0.19740326916766146,0.17451714445868632,0.9999999999999999,0.09319221419306559,0.4323479838307929,0.08725741415327919,0.5068294298977342,1.0,0.07634694475275475,0.08794728522869358,0.23242043496894452,1.0,-0.07755640440454047,0.1262134401878614,0.9999999999999999,0.21943636568922503,0.9999999999999999,0.9239432416301402,0.35617141181974576,0.5644184464927339,0.5565112022230372,0.36831394733557843,0.5535969311575196,0.106625,0.291125,0.336125,0.026625,0.13875,0.042375
194,33,2,6-variate,1.0,0.1704423092946559,0.09074490384154643,0.1449598718257073,0.10204335515419735,0.11326473606934981,0.9999999999999999,0.054249504978716466,0.1583914187020634,0.13569651899857788,0.16252121373060655,1.0,0.09193598252894139,0.09626960589424141,0.16968785413119378,1.0000000000000002,0.02750596280772834,0.13126598048392651,1.0,0.0608237658980996,1.0,1.0301032066345215,0.37747153639793396,0.642764687538147,0.5647252798080444,0.40448814630508423,0.6407094597816467,1.0,0.0770151537507347,0.041957545858910386,0.06831821463930918,0.054006781971592505,0.04571446656095774,1.0,0.02591582143248013,0.061115207209472396,0.048245920508605045,0.05816774503705266,0.9999999999999998,0.03298161754475397,0.04662047012835517,0.08371427868520319,1.0000000000000002,0.02198920474899064,0.05913155939038964,1.0,0.028401259823367747,0.9999999999999998,1.0,0.5660052910117924,0.26143137175481,0.8179075681051685,0.21641042508336528,0.5767033777729589,0.9999999999999999,0.16479382131525327,0.617506265588765,0.39595846735654544,0.7453662510831364,1.0,0.3191299595970829,0.11076402548874803,0.46735551185613594,1.0000000000000002,0.08137160997746448,0.19233467513019814,1.0,0.17144449615433474,1.0,1.00312658996743,0.3564538562678895,0.5897508723182403,0.5541152542496892,0.38206959487176295,0.580766424307708,0.1125,0.2885,0.3345,0.029625,0.14275,0.046875
195,33,3,6-variate,1.0,0.129798894686583,0.13000947415594027,0.2325577373311039,0.19307148431982393,0.09646132129406028,1.0,0.09787325476942259,0.17455722434245213,0.112718781915915,0.12312505328971476,1.0000000000000002,0.05347614669919314,0.187032669759709,0.18605415730869013,0.9999999999999998,0.09684660307208189,0.1892447523181589,0.9999999999999999,0.16903513147482044,0.9999999999999998,1.1030467748641968,0.4144606292247772,0.7144429683685303,0.6315022706985474,0.42240390181541443,0.6221498250961304,1.0,0.05925178672333344,0.05893601609377627,0.0959851377600123,0.06848628042943072,0.03550210807556478,0.9999999999999998,0.05771940373311721,0.058078662868687625,0.04554592634722742,0.06388719797698648,1.0,0.02448313538110406,0.0692349913666992,0.08364814698567814,0.9999999999999999,0.021065553209477828,0.07224265982047481,1.0000000000000002,0.051324537027010494,1.0000000000000002,1.0,0.43103645444740146,0.37455039451462835,1.3121614981770826,0.4094600496227455,0.49114638183888976,1.0,0.297309849613051,0.6805304265757147,0.32890998811408806,0.5646848838738833,1.0000000000000002,0.1856274533214497,0.21519245643794518,0.512431737183073,0.9999999999999999,0.2865038994226095,0.2772868848546919,0.9999999999999999,0.47646077217816435,0.9999999999999999,1.0367838847233137,0.36502241606579255,0.6183408806720142,0.5777937590274025,0.38709790883775297,0.5868611831782861,0.119375,0.295625,0.340375,0.032125,0.143375,0.041875
196,33,4,6-variate,0.9999999999999999,0.18148416260422492,0.20893339244149337,0.14793515539310667,0.20231262306001088,0.1553509127802269,1.0,0.16438440856605713,0.10923794397693896,0.10326125775193505,0.2007953700760548,1.0000000000000002,0.12343686335305742,0.1998465556320341,0.22868248330115798,1.0,0.09409315893585316,0.16679905032508333,0.9999999999999998,0.11635246969743197,0.9999999999999999,1.1411547660827637,0.4345048666000366,0.7259530425071716,0.6301512718200684,0.41925352811813354,0.6458587050437927,1.0000000000000002,0.08747999742592467,0.0938731620276036,0.08051604188447944,0.09180159758231482,0.06776530187466072,1.0,0.06751185789501496,0.06634552715163027,0.04007779041983063,0.06538651396285058,0.9999999999999998,0.037012816191451574,0.09867897194303607,0.09107506748758042,0.9999999999999999,0.04851450919520617,0.06945187048152701,1.0,0.0632372094606932,0.9999999999999999,0.9999999999999999,0.6026731079502952,0.6019261694718988,0.8346948222021979,0.42905823177724417,0.7909910179934022,1.0,0.49935085584951494,0.4258759862738981,0.30131309200287704,0.9209016710785539,1.0000000000000002,0.42847642599839697,0.2299356266397998,0.6298388682814309,1.0,0.27835830976821435,0.2443986956811167,0.9999999999999999,0.32796367421751077,0.9999999999999999,1.072652692117496,0.37675931476401187,0.6353762938319408,0.5828628752791406,0.39153313293328607,0.5895072737298634,0.12325,0.287875,0.335625,0.029375,0.1525,0.040625
197,33,5,6-variate,1.0,0.23675123737790443,0.23288674663151726,0.18711938220937802,0.24214665930075346,0.17314341324446142,1.0,0.15180496752545256,0.21318318848969464,0.13813786760403815,0.15895084646912144,0.9999999999999998,0.09546024640984062,0.21824803135333098,0.23805789294209956,1.0,0.15049709417161775,0.22815393042978727,1.0,0.23644321670721388,0.9999999999999999,1.194344162940979,0.4101521670818329,0.7241097688674927,0.655890703201294,0.44533735513687134,0.7029227614402771,1.0,0.10693049116094203,0.10237757594546688,0.08666095337627397,0.10050643710097745,0.08289636443761896,1.0000000000000002,0.059517173846483376,0.053661567451685606,0.053333005360918534,0.062499059468415205,1.0,0.03556104737650573,0.09344927552112695,0.10730118473728792,0.9999999999999999,0.05065378029199657,0.09632272460730697,0.9999999999999998,0.09082386986150702,1.0000000000000002,1.0,0.7862042330597353,0.670934483175377,1.0557843141047296,0.5135370658480357,0.8815842017141194,1.0,0.4611381788793825,0.8311178034650675,0.4030821094717189,0.728991131182936,0.9999999999999999,0.33136352755721216,0.2511076275605106,0.6556609258335457,1.0,0.44521968348023777,0.3342976750496622,1.0,0.6664645368632546,0.9999999999999999,1.0961864510420263,0.37611490313431395,0.6255666545267478,0.5889737844072439,0.39576595213942106,0.6263137713238752,0.124125,0.274875,0.338375,0.029,0.148,0.044125
198,34,0,6-variate,0.9999999999999998,0.008281579645151738,-0.029649461434869365,0.03202949553837294,0.0212168498418931,0.012608665643792323,1.0,0.013423144422638844,-0.02467593118463334,-0.01706044558452024,-0.010537203488600318,1.0000000000000002,-0.03640939625125928,-0.01624956864363321,0.018642501329297942,0.9999999999999997,0.04511731067565762,-0.02911468823601973,1.0,0.017718697944988145,1.0000000000000002,0.9842668175697327,0.4789047837257385,0.6445123553276062,0.8161013126373291,0.3264124095439911,0.5078406929969788,0.9999999999999998,-0.001579372983331188,-0.009014322545076767,0.011120741451414394,0.0004205483312082257,0.0032606519444550505,1.0000000000000002,0.010162691360552553,0.0007447401879906815,-0.008484593824688252,0.011501988563769099,1.0000000000000002,-0.008781493091175464,-0.00253251338521363,0.005693887110917781,1.0,0.01837143363986949,0.009733970983508082,1.0,-0.0006814701265823096,0.9999999999999999,0.9999999999999999,0.027501517312848344,-0.08541855348021841,0.18072014119021668,0.04499604966803793,0.06419876733770102,1.0,0.04077554141559357,-0.09620179856260576,-0.049781948878386315,-0.04832643088328033,1.0000000000000002,-0.12638495545402423,-0.018696160937848868,0.05134534653251424,0.9999999999999999,0.13347178891269948,-0.0426596964816235,1.0,0.0499439154393065,1.0000000000000002,0.9885773648258577,0.462404040309653,0.6310038506326822,0.8019793837207699,0.3064837412148461,0.5020417173271594,0.090625,0.293875,0.319375,0.029625,0.15125,0.043125
199,34,1,6-variate,1.0000000000000002,0.09928515022165274,0.1270077969123652,0.09538564625061197,0.050985001474892946,0.09529876833481711,0.9999999999999999,0.03316268253925817,0.05265592264833224,0.055864335905397064,0.09378581011984503,1.0000000000000002,0.023546346301252036,0.10199551051697144,0.10847951262948245,0.9999999999999998,0.07094928590492287,0.0886978314690066,0.9999999999999998,0.10908650321385291,1.0,1.1306573152542114,0.5097365379333496,0.7417967319488525,0.8230295181274414,0.32103437185287476,0.5454065203666687,1.0,0.05668218247449117,0.06392687432362083,0.04690223769920036,0.02260978307009794,0.03378753306283183,1.0,0.022214086938556737,0.033807855746027425,0.011243209004782031,0.035127906722124305,1.0,0.009208491471317125,0.040674442779679444,0.053562151201012265,1.0,0.02579878429206251,0.04194344690804835,0.9999999999999998,0.03775127881009596,0.9999999999999999,1.0000000000000002,0.329706433407064,0.36590288649418734,0.5381946191242047,0.10812740652520583,0.48522707996775183,0.9999999999999999,0.10073836732980296,0.20528482741679221,0.1630105727808328,0.43012712066983344,1.0000000000000002,0.0817344744871093,0.11735201767962343,0.2987751734050806,0.9999999999999999,0.20989121941263267,0.1299626444305755,0.9999999999999999,0.3074829838595831,1.0,1.1169467260011543,0.4908084284912334,0.7060961362906786,0.824527352604931,0.31322889303303203,0.5279745118907937,0.10475,0.300375,0.313875,0.03175,0.15675,0.044
200,34,2,6-variate,0.9999999999999998,0.2222686572586447,0.22949573448412922,0.12675904392389778,0.12762753854681513,0.11331798268744954,1.0000000000000002,0.13154162616175205,0.1370295497601329,0.12243513024017263,0.10422800948346975,0.9999999999999999,0.09842441588286319,0.16419085097111416,0.1888763807393617,1.0,0.08249628840465237,0.12210654778204004,1.0,0.13075303363056565,1.0000000000000002,1.2428910732269287,0.5764414072036743,0.7878434658050537,0.8496081829071045,0.342544287443161,0.6134179830551147,1.0,0.10192683573493265,0.09987461660827263,0.06405272823361671,0.05953720781748695,0.052079258006143735,1.0000000000000002,0.05692682474234846,0.06297113115566476,0.04402745943157216,0.06364606742300874,1.0,0.044979423728795966,0.07266868500169212,0.09774817419307151,1.0000000000000002,0.04637069377998041,0.0678433625091611,1.0,0.051553463214238364,1.0,0.9999999999999999,0.7381103118750759,0.6611652008036697,0.7152128125156982,0.2706686139793443,0.5769747043988595,1.0000000000000002,0.3995842346359684,0.5342246006294366,0.3572619000837431,0.4780178599475239,0.9999999999999999,0.3416527348709926,0.18891153884612505,0.5202047848813961,1.0,0.24405107462620398,0.17891393632498426,1.0,0.3685546177527667,1.0000000000000002,1.191280874777158,0.5213219659172892,0.7379345216322799,0.8416262197591766,0.31876587561473374,0.5660171118282596,0.110375,0.29575,0.317125,0.031625,0.14975,0.045
201,34,3,6-variate,1.0000000000000002,0.2406671064219257,0.23378759713208647,0.1587868378370641,0.18205788233513973,0.15810775708912697,1.0000000000000002,0.1488440005645616,0.20704915906343332,0.08080900343473758,0.16402097162690885,1.0,0.1343061815593062,0.2429347901684647,0.208797562661246,1.0000000000000002,0.0943756793362305,0.18880448004184808,0.9999999999999998,0.18293496087365582,0.9999999999999999,1.2933640480041504,0.6027308702468872,0.8645769953727722,0.8772850036621094,0.36078423261642456,0.656276524066925,1.0,0.11786797744950157,0.10071121065657469,0.06165489568050243,0.08055394794774602,0.07058248410287464,1.0,0.07377088351995188,0.08756494908620113,0.047196321512366766,0.07166194158335974,1.0000000000000002,0.051207594965184344,0.0991744229512466,0.09380004074814477,1.0,0.04288760981554733,0.07882132902007144,1.0,0.07082505848622905,1.0,1.0000000000000002,0.7992081031763089,0.6735298324855479,0.8959235045307973,0.3861027447995339,0.8050276314059462,1.0000000000000002,0.45214375786721384,0.8072037071213078,0.2357981520452837,0.7522446393749738,1.0,0.4662062431465385,0.27951124430695834,0.5750717925457309,1.0000000000000002,0.279194161944378,0.2766416467287176,0.9999999999999999,0.5156401664867989,0.9999999999999999,1.2279554751741029,0.539424097330043,0.7786890285613736,0.8455775764932952,0.3195921314398432,0.5874838873291871,0.110625,0.295375,0.31125,0.031125,0.148375,0.043125
202,34,4,6-variate,1.0000000000000002,0.2526992166545895,0.23870672574471014,0.20447214782534082,0.2159848040172374,0.18820694389662987,0.9999999999999998,0.15455695021581248,0.1707223130449244,0.15599378627508245,0.2008954986922829,1.0,0.094928578475206,0.22920967198824094,0.22419908099063518,1.0000000000000002,0.06782925373292284,0.18743122241419322,1.0,0.19818910748412524,1.0,1.3546956777572632,0.6169570088386536,0.8948836326599121,0.8551999926567078,0.3518502712249756,0.6563729047775269,1.0000000000000002,0.10919116489361214,0.11029693028043352,0.0934627095391841,0.0994144278557995,0.08439825887610052,0.9999999999999998,0.06934593756549717,0.0913432365377552,0.06980357122735073,0.07160216724699572,1.0000000000000002,0.03392501748423104,0.10478110462804707,0.10924436824988273,0.9999999999999999,0.044718868700176134,0.08823677452419143,1.0,0.08684404996690287,1.0000000000000002,1.0000000000000002,0.8391644183277226,0.6877013506458259,1.1536938813946074,0.45805381382561516,0.9582822011249361,0.9999999999999999,0.46949805679414963,0.6655796055425699,0.45518509211876956,0.92136090957023,1.0,0.32951791649003487,0.26371963092472905,0.617490821876321,1.0000000000000002,0.2006611225307385,0.27462956749389683,1.0,0.5586375481100306,1.0,1.2930331831673478,0.5538091107633384,0.795575689430924,0.8246194195324522,0.31935971653792194,0.593229379219841,0.117125,0.300375,0.32625,0.02875,0.1515,0.045125
203,34,5,6-variate,1.0,0.2934666561227553,0.2708977609061136,0.23000714863408822,0.25831119720560325,0.18479724548782825,1.0,0.18861441111247307,0.20490424235904203,0.1492765187232251,0.2168111541311012,1.0,0.12355978468933593,0.274165476027975,0.2442775312809633,1.0,0.061917363722046204,0.17574743383126146,1.0,0.2370786567301225,0.9999999999999999,1.4285833835601807,0.6454107165336609,0.9394059777259827,0.8640453815460205,0.34977230429649353,0.6944024562835693,0.9999999999999998,0.13196049539737217,0.125207684490629,0.10399370499807242,0.11102531583493554,0.07661395482880132,0.9999999999999998,0.07335846307993106,0.09553850211866113,0.047031280361569415,0.10019239762761376,1.0000000000000002,0.040027079315720734,0.11980745012240364,0.09847727256864873,1.0,0.028941970063127053,0.08304768134591269,1.0000000000000002,0.09518425869288613,1.0,1.0,0.9745447783553365,0.780442123995101,1.2977697988905692,0.5478184034840855,0.9409211617416313,1.0,0.572954326265118,0.7988415946979515,0.43558444723969614,0.9943546135564456,1.0,0.42890311291684946,0.31544407683858366,0.6727909339173377,1.0,0.18317179608032763,0.25751011851090677,1.0,0.6682555818708079,0.9999999999999999,1.3345738482159732,0.566729531881867,0.8224056606261001,0.8166773508902803,0.3181644473621724,0.6004226624725136,0.1175,0.301125,0.31975,0.029875,0.151375,0.046
204,35,0,6-variate,1.0,-0.005555822896603289,-0.04329877396066873,0.043128872391205615,-0.010779459047114312,0.0379089195076354,1.0,0.041648721923204075,0.010410798422491794,0.020424000866784798,-0.018423214456712845,0.9999999999999998,0.04550099117160542,-0.06281401399566948,0.013825662561533092,1.0,-0.036388588393393914,0.010665941440516209,1.0,0.06831683624453531,1.0000000000000002,0.8351879715919495,0.48122403025627136,0.582414448261261,0.6140297055244446,0.25892195105552673,0.5867082476615906,1.0,0.0008656691619543116,-0.021914385691093913,0.013856645637178113,-0.009929445739337395,0.018695643057875595,0.9999999999999999,0.01789592067516894,-0.011889754737803935,0.011052488042931914,-0.01765907082742602,1.0000000000000002,0.008416488206215607,-0.011667407258272946,0.013724644286395696,1.0,-0.013925462578384765,-0.0004456339675026782,1.0,0.019009134923591922,1.0000000000000002,1.0,-0.018449827373776324,-0.124741555676126,0.24334613645937975,-0.022860709868836593,0.19301858090820945,1.0,0.12651644027251457,0.040587505800154716,0.05959659219836798,-0.08449403035722486,0.9999999999999999,0.15794386599005644,-0.07227138577065179,0.03807873338479795,1.0,-0.10764936649364149,0.01562805773585653,1.0,0.19256523461803515,1.0000000000000002,0.8397945754809294,0.4598882833337214,0.5934055265696088,0.6239758844802464,0.2587587350662717,0.5806702875759086,0.08925,0.28375,0.315125,0.029125,0.149125,0.040875
205,35,1,6-variate,1.0,0.09962203849921646,0.03689925319924765,0.1149791115550101,0.04412048291138702,0.11040843056909386,1.0,0.08966038707723545,-0.0015409364247499636,0.012197420300881254,0.04387823801024857,1.0,0.02396828858124625,0.03449831624801745,0.12466116879251334,1.0,-0.027425514453356774,0.09460847350839698,1.0000000000000002,0.061100470982580715,0.9999999999999998,0.9928292632102966,0.5070429444313049,0.6693857908248901,0.6592698693275452,0.29749903082847595,0.6452056765556335,1.0000000000000002,0.04955895999907825,0.021808850111966406,0.05802460811222273,0.03578110837536942,0.04945628312425934,1.0,0.03933219306124388,-0.006225322500239714,0.01352393814606915,0.01103992053683137,1.0,0.007209899808204777,0.006208734284809498,0.05040819120065171,1.0,0.0011635089959879052,0.05044561717312433,1.0000000000000002,0.04166285341778016,0.9999999999999999,1.0,0.33082521008146576,0.10630476475131559,0.648747076433577,0.09356937797737265,0.562160002568518,1.0,0.2723614838793186,-0.00600751543009009,0.03559173061308972,0.20123746554459532,1.0,0.0831991671436017,0.03969239561891763,0.34334268257243394,1.0,-0.08113355245249562,0.13862309595585096,1.0000000000000002,0.17222433392284145,0.9999999999999999,0.9632532621424145,0.48909087724126127,0.6541076579172362,0.6423739292658697,0.2747946066719491,0.6237714329645139,0.1015,0.294875,0.31575,0.031875,0.14725,0.0465
206,35,2,6-variate,0.9999999999999998,0.19129023648701107,0.11904860269097899,0.15235477507231876,0.17708074168929847,0.1701495881392168,0.9999999999999999,0.10001420876844713,0.07975940756345386,0.05996881556849326,0.07267472131522873,1.0000000000000002,0.07459427699589656,0.05965069722729835,0.1393123304225925,0.9999999999999998,0.054284554240706974,0.17889781078791614,1.0,0.16184513931391442,0.9999999999999998,1.1231721639633179,0.5640287399291992,0.7351656556129456,0.6820045709609985,0.28281304240226746,0.7233091592788696,0.9999999999999998,0.08417863732561491,0.054937221782750595,0.07033294054902701,0.0756191838630665,0.07739743462652826,0.9999999999999999,0.05550823462255676,0.020374313074102916,0.02648552142010265,0.03555496625360402,0.9999999999999999,0.025710055524517227,0.0444654753268719,0.07058458071741536,1.0000000000000002,0.022268878646439914,0.07077239118941434,0.9999999999999998,0.07568769091499912,0.9999999999999999,0.9999999999999999,0.6352371451584177,0.34297274691568463,0.8596320474760648,0.3755473894150546,0.8663405545855758,0.9999999999999999,0.30381329729472584,0.3109506314145965,0.17498711759402857,0.3333059809485648,1.0000000000000002,0.25893315093764263,0.06863177687798017,0.38369522044592974,0.9999999999999999,0.1605914613397043,0.26212616636820923,1.0,0.4561941476311808,0.9999999999999999,1.0486018438086027,0.5021923857949588,0.6802739111113998,0.662786073589133,0.27518144498706765,0.6564949051249565,0.110875,0.29475,0.329,0.032375,0.145,0.044625
207,35,3,6-variate,1.0,0.25072207138631364,0.19411845118497212,0.21190888381453163,0.16373106739121734,0.20481918618076123,1.0000000000000002,0.18311662587834146,0.10250408883353078,0.1150858952692049,0.18698073330080145,1.0000000000000002,0.1102159579765946,0.19186390248001098,0.20742420954801338,1.0000000000000002,0.1024384892161838,0.12945258114131025,1.0000000000000002,0.11319279908289215,1.0,1.173616886138916,0.5971345901489258,0.7692650556564331,0.7066437005996704,0.31068629026412964,0.7491564154624939,0.9999999999999998,0.11560952812182722,0.08352116638554974,0.09698084892917301,0.07212704172141533,0.09964857324387902,1.0,0.07759513468588818,0.037886102594173875,0.04686076014220577,0.07011939761791165,0.9999999999999999,0.045590470921890044,0.07099543279285948,0.08863703155542729,1.0,0.05584564995324138,0.06712992015402167,0.9999999999999998,0.05520192849154805,0.9999999999999998,1.0,0.832598487373499,0.5592450538442358,1.19565438630821,0.34723570666272086,1.0428657691963215,1.0000000000000002,0.5562537508895239,0.3996234883627987,0.33581715311056637,0.8575442468105418,1.0000000000000002,0.38258369355115657,0.22075104830792483,0.5712894013601678,1.0000000000000002,0.30304654662305436,0.18967758545068916,1.0000000000000002,0.3190575496681418,1.0,1.0928345102301473,0.523454901868334,0.7059879297381698,0.6712802301865796,0.2811929806212661,0.6779440902129039,0.1165,0.2955,0.317625,0.0345,0.1445,0.047375
208,35,4,6-variate,0.9999999999999998,0.21874687024470993,0.2102482174587175,0.22933467215586315,0.19521939273283181,0.23911934967497472,0.9999999999999998,0.20208636686904743,0.16319203195413093,0.12392643279400653,0.18083447365135918,0.9999999999999999,0.10934353249093592,0.156904897779002,0.21009101588053417,1.0000000000000002,0.1646454612942643,0.18651931217250792,1.0,0.16231233470386755,1.0,1.269249677658081,0.6296287178993225,0.8085964322090149,0.7374319434165955,0.3024854362010956,0.7983258962631226,1.0000000000000002,0.10083342948128134,0.09139025332175776,0.09059399487402559,0.07550792547543743,0.11281093829056178,1.0,0.08325105539484516,0.06822345476449553,0.06751324139132395,0.08993319454348506,1.0000000000000002,0.044195225540894015,0.0722937917798049,0.08904540617156334,1.0,0.06679687461385181,0.08173985755502737,1.0000000000000002,0.059903189700585016,0.9999999999999999,0.9999999999999999,0.7264151549490255,0.6057142386643798,1.2939757853175302,0.414015093226416,1.217509944774819,0.9999999999999999,0.6138779817784413,0.6362220239173849,0.36161362338887443,0.8293558342274323,0.9999999999999999,0.37955531651331786,0.1805286059472498,0.5786343331384077,1.0000000000000002,0.4870750461793766,0.27329341116901473,1.0,0.4575110852932096,1.0,1.1435752086031754,0.534457402106245,0.7189299102062986,0.6770502637375542,0.27574303661129196,0.7004650480689112,0.119,0.309,0.327875,0.03125,0.14125,0.044875
209,35,5,6-variate,1.0,0.28844687239729566,0.24679869791099898,0.23861102343195384,0.22641126560499827,0.24073939340296502,1.0000000000000002,0.2127388490634919,0.19082103645034262,0.256746784849712,0.23976745374048186,0.9999999999999998,0.10116988232392536,0.1866266845872234,0.20234423718617262,0.9999999999999999,0.1795696957310068,0.17053417947818753,1.0,0.17354002125817333,1.0000000000000002,1.3001567125320435,0.633791983127594,0.8348422646522522,0.7382878065109253,0.2982167899608612,0.8081373572349548,1.0,0.12275295048959445,0.11698826458990914,0.11002360863751512,0.09064982636363524,0.10481995188268352,1.0000000000000002,0.07637116081549732,0.06619496494469182,0.09724886015761092,0.0967054848474308,1.0,0.03561671823252634,0.07728090468242177,0.09180468428081189,1.0,0.07490822637519201,0.08294372446963373,1.0,0.08666847059210633,1.0,1.0,0.9578751697762384,0.711014132917116,1.346315944681447,0.4801660260338117,1.2257584744823107,1.0000000000000002,0.6462372391576717,0.7439365066398761,0.749179383902327,1.0996380152854375,0.9999999999999999,0.35118281810614516,0.214725311456153,0.557297945790785,0.9999999999999999,0.5312260524029263,0.2498715935235138,1.0,0.4891587015180618,1.0000000000000002,1.1555443181909044,0.5351845774127925,0.73883932259392,0.6832080461363271,0.27100770086841414,0.7013264490981569,0.113625,0.2995,0.32575,0.034125,0.144375,0.050625
210,36,0,6-variate,1.0,0.012838165675375903,0.004591783703866565,-0.010217727479429463,0.05107033023684947,0.0376506245268806,1.0,-0.03725787909149066,-0.03289563988092504,0.06923143228531384,0.030883217657313444,1.0,-0.0008026031187790792,0.040097585009347965,0.08527555434836506,1.0000000000000002,0.009914077471238975,-0.01796256275195838,1.0,0.027235974605388815,1.0000000000000002,0.6396732330322266,0.40370580554008484,0.5261005759239197,0.3817040026187897,0.29957959055900574,0.5803682208061218,0.9999999999999999,0.003356592927317271,-0.007790410680976243,0.01565529580105212,0.008562849320517908,0.014768936161404771,1.0,-0.02004277328828347,-0.0019762005492522565,-0.0013435613190563897,0.02161391826613802,1.0000000000000002,-0.007366242589311988,-2.641685650958549e-05,0.025864535480708443,0.9999999999999999,0.013352091733745974,-0.0009810360438315816,1.0,0.0034545069514325846,1.0,1.0,0.04263291253756497,0.013228646922140217,-0.0576514114792904,0.10830834204023779,0.19170349593618277,1.0,-0.1131783604674547,-0.12824722139872521,0.20201529852672684,0.14163872449415302,1.0,-0.002786007401573946,0.046134698324074117,0.23486652583681666,1.0000000000000002,0.029329065029714465,-0.02631925863875862,1.0,0.0767702367050679,1.0000000000000002,0.6650947136339106,0.41197005844468215,0.5343302965286445,0.38515821108613374,0.3240063284832814,0.5999715100626132,0.079875,0.290375,0.311,0.0255,0.14225,0.042875
211,36,1,6-variate,1.0,0.06621688199964812,0.07951055371935863,0.050323786137741244,0.08424991515766578,0.1361963692981552,1.0000000000000002,0.02845090348987213,0.08966857429774314,0.07366212242649213,0.11404096062012839,0.9999999999999999,-0.017253380855687356,0.1227314867484093,0.14792543826903107,0.9999999999999998,-0.0014254922905114673,0.0742332431035459,1.0,0.1097360137896515,0.9999999999999999,0.7750849723815918,0.4628714621067047,0.6173694729804993,0.41216063499450684,0.3305124342441559,0.6533454656600952,1.0000000000000002,0.028577176317405015,0.027982889152493987,0.0368600018545264,0.04267493990828545,0.06630691205683387,0.9999999999999998,-0.014251068134894145,0.055930973843242505,0.04717225634899564,0.0560107682432886,0.9999999999999998,-0.005168634946659067,0.054012944897041955,0.07176068471976249,0.9999999999999999,-0.006841137386787562,0.03387765036243757,1.0000000000000002,0.028959119803524364,1.0,1.0,0.21989312184358392,0.22906574422413137,0.2839422708435688,0.17867457037864778,0.6934629663268065,1.0000000000000002,0.08642537860630545,0.349582675473315,0.21494370092231962,0.5230227089178194,0.9999999999999999,-0.059890281936704655,0.14121006492422195,0.40741720774366685,0.9999999999999999,-0.004217084623746887,0.1087686954764099,1.0,0.3093136793309038,0.9999999999999999,0.7443821338818424,0.44189644548942414,0.5815638024670124,0.406278896823891,0.3330772681250889,0.6369220286044476,0.089,0.295125,0.312875,0.027625,0.148625,0.043625
212,36,2,6-variate,1.0,0.0933800483507145,0.12616304257316285,0.08364521740902713,0.1145166231000953,0.16889092088118934,0.9999999999999999,0.04939736154869868,0.1491393471134733,0.08434880958126362,0.11820324460881103,1.0,0.03753724997551967,0.1471042691086908,0.1990427567567718,0.9999999999999999,0.016268195379040933,0.12615811730604554,1.0,0.09682877342523022,1.0,0.8318244218826294,0.5047598481178284,0.6553831696510315,0.3833324611186981,0.3481135070323944,0.7122178077697754,0.9999999999999999,0.05872926275088838,0.043810859517789465,0.046144084763437045,0.05764141380140312,0.08750525888116698,0.9999999999999999,0.010107736059761362,0.05728661414555809,0.050358120619470835,0.04899498307498349,1.0,0.014695356848847197,0.07865492547031686,0.09996042159302072,1.0,0.0007776085005675186,0.060601655212361265,1.0,0.04984986244343539,1.0000000000000002,1.0,0.31009672222915946,0.36346912313812824,0.4719516146177484,0.24286329511896476,0.8599317746740432,0.9999999999999999,0.15005440770459244,0.5814361188397865,0.2461272689897102,0.5421120053464896,1.0,0.13029995027974597,0.16925240420658882,0.5482050339211444,0.9999999999999999,0.048126528130311534,0.18485048767122786,1.0,0.2729320480382387,1.0,0.7915975651744935,0.46176588183327166,0.605876497207635,0.39443605036969065,0.33272899076103746,0.6833827403092487,0.091625,0.29225,0.311125,0.027875,0.147125,0.04825
213,36,3,6-variate,1.0,0.20553418123131711,0.16561088103774832,0.14578949550807999,0.1400903521000779,0.25004593591285673,1.0,0.12444946035415524,0.14423752087887273,0.12696630486419352,0.23251616392392574,0.9999999999999998,0.06765477946683078,0.16217668064739313,0.22463054314851574,1.0,0.05579124160616984,0.16920559131856772,1.0,0.17400677226502126,0.9999999999999998,0.8838943243026733,0.5245838761329651,0.678773820400238,0.40873265266418457,0.37131279706954956,0.7810693979263306,1.0,0.08830639594837762,0.07874841168959983,0.06729736745296316,0.07078978787189841,0.1099197194187542,0.9999999999999998,0.04571817553438459,0.05543539103051965,0.0699566938358938,0.09499810889458876,0.9999999999999998,0.023007653634967016,0.08582042754108922,0.1141784163256034,1.0,0.026886066577234323,0.07853196031945911,1.0,0.08031948274022359,1.0,1.0,0.6825383308288822,0.47711611505311396,0.8225884166938763,0.29709931991862026,1.2731439530520172,1.0,0.3780404194947354,0.5623256217659275,0.3704838527369935,1.0663816078623467,0.9999999999999999,0.2348445536428584,0.1865941128716771,0.6186792173252589,1.0,0.1650487185781626,0.2479248025398412,1.0,0.49047418047779795,0.9999999999999999,0.8145719877841645,0.46807632593941007,0.6275288769946373,0.39757301754801017,0.34850297451518364,0.7321442286678667,0.094875,0.30175,0.31225,0.027375,0.144375,0.051375
214,36,4,6-variate,1.0,0.15732296944319174,0.2369258126211061,0.13229185065640406,0.19189785600278544,0.2681242409388072,1.0000000000000002,0.15145214036711602,0.09398250938934676,0.1835198131948075,0.23999123639172348,1.0,0.08792132954371938,0.1774448943352387,0.2590461170406509,1.0000000000000002,0.09322350473247693,0.17276121089738763,0.9999999999999998,0.17823328958650825,1.0,0.9530248641967773,0.5176964402198792,0.7473849654197693,0.4279666841030121,0.36070185899734497,0.8647294640541077,1.0,0.0801145474898254,0.10664030274385854,0.0642410484434623,0.09358483261994997,0.12431566774032778,1.0000000000000002,0.06193572028992188,0.041594687230125875,0.06478418184612886,0.1115916296684711,1.0,0.029571342427386165,0.08073871756877603,0.1203182654060887,1.0,0.043880602028643384,0.08403843079632134,0.9999999999999999,0.0689862392846353,1.0,1.0,0.52243858625689,0.6825708162101476,0.746430750025835,0.4069710088671163,1.3651920258604648,1.0000000000000002,0.4600664417696254,0.36640112050531876,0.5355053513931761,1.1006644251565738,1.0,0.30519417282567973,0.2041612040037971,0.7134666818929246,1.0000000000000002,0.27578573634615916,0.25313469343813083,0.9999999999999999,0.5023877312028224,1.0,0.842756524223094,0.4598259411337503,0.6460183526555098,0.4031379613279029,0.34039121506733866,0.7689590792776424,0.09775,0.30425,0.30625,0.02925,0.143125,0.053625
215,36,5,6-variate,0.9999999999999999,0.19331523572059198,0.2492811815800275,0.18063552046619993,0.2036893872258725,0.2974063523772471,1.0000000000000002,0.14406643022859744,0.18076468186149772,0.21026093806049112,0.2293640579464274,1.0000000000000002,0.12180312571406056,0.19872663375688568,0.2886732446139974,0.9999999999999999,0.18705869827139274,0.22281802022574732,1.0,0.21330089862428434,1.0,0.9611812233924866,0.5281789898872375,0.7513616681098938,0.4021769165992737,0.3694922626018524,0.8590899705886841,1.0,0.09604551196657743,0.11570398077468656,0.07830017142144179,0.08983809257551466,0.13385320144435384,0.9999999999999998,0.06189554044890695,0.05297373957825345,0.07986544404086193,0.11668483336781463,1.0,0.04190416953893191,0.09198839794863337,0.13087275386163894,1.0000000000000002,0.06783749205101869,0.10308260920407286,1.0,0.08153851399660851,0.9999999999999999,0.9999999999999999,0.6419617682009287,0.7181659374194308,1.0192002641461002,0.43197812180681566,1.5142860976659154,1.0000000000000002,0.43763085535631774,0.7047310675562517,0.613535042366961,1.0519253158813553,1.0000000000000002,0.42280522318385916,0.22864710544185687,0.7950658337508201,0.9999999999999999,0.5533807658209766,0.32647930941007713,1.0,0.6012331664021258,1.0,0.8518130677095791,0.46559819057984353,0.663925229510716,0.4020932264887943,0.35015517348848624,0.7772393694583962,0.104125,0.292,0.325,0.028,0.15125,0.054125
216,37,0,6-variate,1.0,-0.0035002787455207015,0.009824362600261087,-0.010228604392308422,-0.0039919775842800495,-0.050716638013871454,1.0,-0.037732264561837335,0.0026349191450176237,-0.08851296350075818,0.004257040157415642,1.0,0.008291247317408407,0.007180531128450252,0.0017409835798407993,1.0000000000000002,-0.011613719828943634,0.033649394124397825,1.0000000000000002,-0.03646121157148648,1.0,0.7963787317276001,0.5141327381134033,0.4422057569026947,0.5092188119888306,0.3634450435638428,0.4844261407852173,1.0000000000000002,-0.004436954672824222,0.0181822941960177,0.006644333997071712,0.0005360268277717831,-0.01872602002922858,1.0,-0.005499953317391359,0.005336634286424189,-0.023664384000903142,-0.0039049794361015145,0.9999999999999999,5.971077496344425e-05,-0.00020572943521595812,0.005024923426986302,1.0000000000000002,0.005773119870789697,0.014520474100514732,1.0000000000000002,-0.022289979621896525,0.9999999999999998,1.0,-0.011623734108208902,0.028303485814318918,-0.05771292579810906,-0.00846609319659472,-0.2582311080306976,1.0,-0.1146192708318785,0.010272476059235765,-0.2582781187271004,0.019523978741459398,1.0,0.028780754982482424,0.008261651606619682,0.004795043370653555,1.0000000000000002,-0.03435722128607389,0.04930406725340182,1.0000000000000002,-0.10277348282242375,1.0,0.7839968210750963,0.4969048129214236,0.4569226521850242,0.5126593999384519,0.35509220838005784,0.4769213138352834,0.08925,0.292625,0.322,0.027,0.149625,0.037125
217,37,1,6-variate,1.0,0.06829405919448307,0.09878059955635855,0.10672738498900777,0.10683152181088634,0.03752863277093798,1.0,0.019286281940501387,0.07253022721195482,0.04205962510544155,0.049136500713646315,1.0000000000000002,-0.011973941985083844,0.10635555359371211,0.09391446678652576,0.9999999999999998,-0.009006139662975145,0.08492469426486092,1.0000000000000002,0.04876203940605811,1.0000000000000002,0.946887731552124,0.5295227766036987,0.5363216996192932,0.5682491660118103,0.38789695501327515,0.5360407829284668,0.9999999999999999,0.030556675305896782,0.05823100210015924,0.052199324749677485,0.044915587781906754,0.027153662226283636,1.0,0.004043877457437186,0.024188701683252163,0.027534308094337767,0.035565228234757156,0.9999999999999998,-0.0032478963008818786,0.03761428458405089,0.03844822393176507,0.9999999999999998,0.00765269961917111,0.03557639977923188,1.0,0.01518623957153459,1.0,1.0,0.22679110021869409,0.28458161733507187,0.6021881082285561,0.22656497115608557,0.19108227112470808,1.0,0.058586047313649255,0.2827670482946563,0.1227285429582135,0.2253531352996397,1.0000000000000002,-0.041564287200270486,0.12236849226775823,0.2586599004176644,0.9999999999999999,-0.026643077826421155,0.12443411475077551,1.0000000000000002,0.13744586247701165,1.0000000000000002,0.9162441902663394,0.5207108551357081,0.49355415449893797,0.5273999847698954,0.368067166026759,0.504628947821081,0.102375,0.2935,0.319875,0.0295,0.151125,0.039625
218,37,2,6-variate,0.9999999999999998,0.08366234267046053,0.18487630411426942,0.19026937960075405,0.1403406700422639,0.12308245581960468,1.0000000000000002,0.043329123972168405,0.14078417723431352,0.09465278999450555,0.14174320095343007,1.0000000000000002,0.06812230991432792,0.15913607835859814,0.16457595057721477,0.9999999999999998,0.06580245698460764,0.09818072510445415,1.0,0.09905338543929,1.0,1.046283483505249,0.6027745604515076,0.5768943428993225,0.5529459118843079,0.4294637441635132,0.5850558280944824,1.0000000000000002,0.04960305361020218,0.08370668940847137,0.08985233713355131,0.06322929806742882,0.05490276527475178,1.0000000000000002,0.03081668266650567,0.052375263857722926,0.032709023366268936,0.07560463143409064,1.0,0.03085994974161482,0.0693173172698544,0.06941771875506415,1.0,0.02480684976573942,0.04669310096974359,1.0000000000000002,0.03655148338633859,0.9999999999999998,0.9999999999999999,0.2778260449261322,0.5326189569854697,1.0735577759637844,0.29763006055230545,0.6266915832745772,1.0000000000000002,0.13162096896809733,0.5488625597238753,0.27619403552415156,0.650072718141903,1.0000000000000002,0.23646743312837465,0.18309573217280334,0.45327633654882654,0.9999999999999999,0.19466519156820727,0.14385726869810903,1.0,0.279202601516157,1.0,0.9696744879260923,0.5473293254261283,0.5165954242985082,0.531113679674392,0.3861003191979661,0.5201425537298333,0.10875,0.301625,0.312,0.0285,0.1575,0.04275
219,37,3,6-variate,1.0,0.1994181857146391,0.20432333700312627,0.2114049835072963,0.15018927257572004,0.17077573940788107,0.9999999999999998,0.18265633122114436,0.1539609957773347,0.11310078780549,0.2134626358330127,0.9999999999999999,0.06746692574054214,0.16352961697492535,0.2528816924697461,1.0,0.05529081654968117,0.14741093854357815,1.0,0.131477094190933,1.0,1.1518305540084839,0.6541292667388916,0.6417179703712463,0.5844717025756836,0.4104956090450287,0.5800933241844177,0.9999999999999998,0.08888524806344016,0.09462300278574315,0.10310642001410861,0.07754915354757994,0.07206311568244125,1.0000000000000002,0.071393663539293,0.06028304165035915,0.051945554863189795,0.08648500983671921,0.9999999999999999,0.0321579027480168,0.0922025762175367,0.08679778968458335,1.0,0.03190758545948893,0.06353091517517352,1.0,0.05352320027152121,0.9999999999999998,1.0,0.6622283473648546,0.5886449908123866,1.1928111457481907,0.3185167414286896,0.8695286918198853,0.9999999999999999,0.5548555477957025,0.600233824336105,0.3300246277627375,0.9789970802693563,0.9999999999999999,0.23419243336299667,0.18815083224668477,0.6964886964293453,1.0,0.16356826108700365,0.21599074895051812,1.0,0.37059562212847685,1.0,1.0405219575781837,0.5795615259696565,0.5492808403251863,0.5383204498197405,0.3924289144495949,0.5218672914012767,0.111875,0.30325,0.318375,0.027,0.151125,0.040125
220,37,4,6-variate,1.0,0.2224550190376007,0.2588287289624158,0.1864931145267206,0.2428503852589246,0.18331263080394164,1.0,0.14197409088475976,0.1558892423306081,0.1406228088561455,0.2058922551712384,1.0,0.03794053590500434,0.19858870331968861,0.14145863777629344,1.0,0.08583426002372839,0.18180721190151272,1.0000000000000002,0.14603737352839163,0.9999999999999999,1.2138240337371826,0.6652639508247375,0.6011845469474792,0.5895850658416748,0.43808430433273315,0.6004397869110107,0.9999999999999999,0.1159531145185017,0.10680845416894036,0.09305550370179676,0.10824210881750705,0.08499826291382671,1.0,0.06259998359046064,0.0622746523391949,0.05396462651042604,0.09795189683549271,1.0,0.016944816876993368,0.09503148065982331,0.07679481126733083,1.0,0.027155629861375926,0.08118888338650115,1.0000000000000002,0.05760547806679504,1.0000000000000002,1.0,0.7387290207798123,0.7456720228062828,1.0522508212569184,0.5150295059832274,0.9333621261829494,1.0,0.43127495196921156,0.6077513037766389,0.4103332135182602,0.9442774917522961,1.0,0.13169997589168006,0.2284883588462144,0.38960632473920476,1.0,0.2539258901765121,0.2663891169671695,1.0000000000000002,0.4116368414754266,0.9999999999999999,1.079021442949854,0.5883531594755609,0.5333147729758251,0.5519489080343086,0.38873648099738656,0.5444201016331917,0.11875,0.299375,0.315125,0.026625,0.149625,0.0465
221,37,5,6-variate,1.0,0.3099028105856331,0.26922888810708506,0.24060414532603075,0.28687919854256333,0.22565720161775665,1.0000000000000002,0.19227861934486712,0.20547870212806985,0.16828813395729436,0.24585639824424793,1.0,0.11173927888608688,0.22108922883136736,0.19579941417240687,0.9999999999999998,0.14932825509069525,0.1672980889897923,1.0000000000000002,0.1688444132675202,1.0000000000000002,1.2392888069152832,0.6734451055526733,0.6020499467849731,0.5862177014350891,0.44720354676246643,0.5996008515357971,0.9999999999999998,0.12818728584491093,0.12311934047585571,0.11853107469033379,0.1273911513490705,0.09480465122950703,1.0,0.06149246476503742,0.0735912624922835,0.061435719336403946,0.10604879534201045,1.0,0.027174304394881305,0.09357516625291976,0.0893040766114157,0.9999999999999999,0.04334256822018118,0.07581685301237011,1.0,0.0516727241329309,0.9999999999999999,1.0,1.029126108516023,0.7756341879296926,1.3575616700002775,0.6084046154751137,1.1489651100904363,1.0000000000000002,0.5840851572784015,0.8010814663005597,0.491059751797088,1.1275641684599227,1.0,0.38787154469250995,0.2543766144986582,0.5392722299227529,0.9999999999999999,0.4417618317048907,0.24512991593871675,1.0000000000000002,0.4759231116581271,1.0000000000000002,1.1002484904048195,0.5870784127438283,0.5407972438545589,0.549502619147067,0.3956501744011905,0.5476283491461907,0.1225,0.3015,0.3195,0.02925,0.147125,0.045
222,38,0,6-variate,0.9999999999999999,-0.028678333081065606,0.01638233689402119,-0.017322353432580304,0.002038588499046319,0.0552747990347978,0.9999999999999999,0.0008053197201951003,0.0031228058253762046,-0.027869255968099638,-0.025255207808017276,1.0,0.04581160745718511,-0.006620205829339988,-0.02650535795706033,0.9999999999999999,-0.019543806966366106,-0.0019173819106604588,1.0,-0.05722463720841757,1.0,0.9932349324226379,0.4146914780139923,0.5868176817893982,0.4851536154747009,0.33864903450012207,0.6281787157058716,1.0000000000000002,-0.015641611747671893,0.006932234906329065,-0.008169672353496665,-0.0007415395941572998,0.021403472406543347,1.0000000000000002,-0.011949495147305152,0.008895078943896913,0.016802909655172376,-0.016090793050030618,0.9999999999999998,0.002443210343352609,0.009623817886786653,-0.003824013501218346,1.0,-0.0043594389844286065,-0.004024151549600399,0.9999999999999998,-0.01487216659708729,0.9999999999999998,0.9999999999999999,-0.09523504907670789,0.04719669391063619,-0.097738093644803,0.004323398543332944,0.2814393640468615,0.9999999999999999,0.002446367607842943,0.012174591887852004,-0.08132171646558181,-0.11582719582998655,1.0,0.15902217365709173,-0.007616956465900397,-0.07300121927275988,0.9999999999999999,-0.057816980450412975,-0.002809401668978779,1.0,-0.16129958369052078,1.0,0.9584236626602294,0.40601558637099067,0.5836937479690828,0.46085357469846333,0.32519186988868026,0.6516044330503399,0.096,0.28875,0.315,0.028875,0.153625,0.038875
223,38,1,6-variate,1.0,0.05474107619735507,0.06390000394641945,0.09658968142570946,0.11300150436176835,0.14004394896716477,1.0000000000000002,0.013266473656215751,0.08619520159655879,0.011999728810748003,0.06284880859420078,1.0,-0.009279088429196721,0.06470396863176983,0.030015637747567554,1.0000000000000002,9.97434744146665e-05,0.07856651156556524,0.9999999999999998,0.049143438009379405,0.9999999999999998,1.1314184665679932,0.4399385452270508,0.6738635301589966,0.48897260427474976,0.36677902936935425,0.7221882343292236,1.0,0.020646081924978767,0.033469552509989106,0.03918937761129283,0.04307424124779364,0.06982317039142506,0.9999999999999999,0.019577146865981034,0.021619438837846432,0.017624761925761057,0.027323601355102478,0.9999999999999998,0.0011149557472004937,0.033729796627093404,0.021087901743754585,0.9999999999999999,0.012123188525549103,0.03871987898889588,1.0,0.026301147709933807,1.0,1.0,0.18178429935012894,0.18409257956954628,0.5449883380615511,0.2396500783882816,0.7130533753267811,1.0000000000000002,0.04029962287687988,0.336041481320773,0.03501493618105421,0.2882416413884502,1.0,-0.03220972013676118,0.0744458320786886,0.08266926959054098,1.0000000000000002,0.00029506526771079473,0.11511792190046731,0.9999999999999999,0.1385210481218466,0.9999999999999999,1.0962998734838805,0.43069932232023744,0.6409251158000504,0.47016162347647583,0.33813076792777924,0.7098972492936604,0.111125,0.275875,0.321125,0.023875,0.144625,0.04425
224,38,2,6-variate,0.9999999999999999,0.1261907774357497,0.1524140765679628,0.15935299252619198,0.16693339203909535,0.2070021422198679,0.9999999999999998,0.06646513094108221,0.12508025041092374,0.08555759280664355,0.11891526597436654,1.0,-0.003221830739945699,0.17415148628570565,0.1338975727321211,1.0,0.04045683528207037,0.1446574042353159,0.9999999999999998,0.1563748184383531,1.0,1.2791454792022705,0.480176717042923,0.7226293683052063,0.5359098315238953,0.37689194083213806,0.7658109068870544,1.0,0.05682095981186811,0.07068773865496476,0.06700838980551996,0.07444590204003039,0.10364791532945576,1.0,0.03346636962849804,0.03840315156549327,0.03815578734292646,0.06148865404161385,1.0000000000000002,7.271147424403781e-05,0.07712336825245983,0.0655873961556491,1.0,0.03092946099998616,0.0712289393575521,1.0000000000000002,0.061361618791605024,0.9999999999999999,0.9999999999999999,0.4190546187705579,0.4390969782766564,0.8991178194730048,0.35402719509703434,1.0539807458974193,0.9999999999999999,0.20190138016674233,0.48763903349740556,0.24965441068748878,0.5453776966869754,1.0,-0.011183705815537378,0.200371871792707,0.36878165830839954,1.0,0.11968462729585229,0.2119561728500105,0.9999999999999999,0.4407750797215714,1.0,1.1913508801398975,0.4395789228214095,0.6805560402026113,0.47811883782415476,0.34612295416021743,0.7410360527210069,0.115125,0.287,0.3145,0.0245,0.140625,0.043375
225,38,3,6-variate,0.9999999999999998,0.14225810381045226,0.18520437347369265,0.2135918503188495,0.18194919072639437,0.25528365531182,0.9999999999999998,0.10049431821540594,0.10118649533514265,0.1011062214088308,0.13317300955177075,0.9999999999999999,0.06910862500931841,0.17766123434849382,0.22438771840738805,1.0000000000000002,0.12598806739570506,0.19833438692446945,1.0,0.16157687186860034,0.9999999999999998,1.3924808502197266,0.5237586498260498,0.7785210609436035,0.5238305926322937,0.3909289538860321,0.8166640996932983,0.9999999999999999,0.06264518254506485,0.0764877726410709,0.09294505352484049,0.08220990430276286,0.11855180102127291,1.0000000000000002,0.040621903567098355,0.05305426904581516,0.03236307729580426,0.06819655458728775,1.0,0.02337398040638151,0.09161720135056638,0.0978733624509711,1.0000000000000002,0.062299205159531114,0.09904075826289076,1.0000000000000002,0.06984131452753378,1.0,0.9999999999999999,0.47241098778387136,0.5335641901033948,1.2051498122924935,0.3858721030869865,1.2998126292172945,0.9999999999999999,0.30527179704339835,0.3944866720558171,0.295024792543398,0.6107673383187004,0.9999999999999999,0.23989115444324632,0.20441000368339893,0.6180103663666214,1.0000000000000002,0.37271393266305886,0.2906051922497565,1.0,0.45543807281787063,0.9999999999999999,1.2840810537755074,0.4527993236540817,0.7024927991882451,0.4704742862083607,0.3448010899672198,0.7709171315464677,0.1315,0.282125,0.327125,0.023875,0.148625,0.04775
226,38,4,6-variate,1.0,0.20586449953998576,0.2565968005858482,0.2569344455034049,0.21490527519065822,0.2791522887047941,0.9999999999999999,0.17542287457109165,0.185257929235108,0.19552256151051378,0.22185832139681613,1.0,0.09696382814886187,0.18837699014912812,0.26414265354586935,0.9999999999999999,0.12437397587684175,0.2774954446445603,1.0,0.21681907269883122,0.9999999999999999,1.4547230005264282,0.5144462585449219,0.8359329104423523,0.522060751914978,0.3976275622844696,0.856194019317627,1.0,0.08777897000443019,0.11113357805547383,0.11645735802862325,0.09483384936675163,0.12241321614808749,1.0,0.05938065983170818,0.061803139704043754,0.06326739241199049,0.0866695071502257,0.9999999999999998,0.017188747023639414,0.0899891439692193,0.11395236129246915,0.9999999999999999,0.04065688249649406,0.12222584110508891,1.0,0.08673689089519816,0.9999999999999999,1.0,0.6836353981198965,0.7392421875347609,1.4497022714502215,0.45576426220980304,1.4213427246652384,0.9999999999999999,0.5328822886753498,0.722248406798373,0.5705288583776871,1.017502183745206,1.0,0.3365827927957853,0.21673920850597017,0.7275038455559389,0.9999999999999999,0.36793884903033636,0.4065942425621685,1.0,0.6111496518462286,0.9999999999999999,1.3367276466652425,0.4606717907846107,0.7356237973695692,0.476911469343123,0.3519699846654629,0.7854901791404053,0.133,0.29275,0.326125,0.023375,0.1485,0.0505
227,38,5,6-variate,0.9999999999999998,0.19263444165326424,0.22159814806018577,0.27097803952140964,0.2422469626436853,0.2845748153479232,1.0,0.12034289456259115,0.122199212717431,0.11545668506096379,0.22551324113974977,1.0,0.09925236651661729,0.20407018799464774,0.2488287784316036,1.0,0.12478729281324043,0.25201138614887303,0.9999999999999998,0.24014555711032087,1.0,1.4986751079559326,0.5425047874450684,0.8148515224456787,0.5451383590698242,0.3851814568042755,0.8981645703315735,1.0,0.09183654924744869,0.10455900170564851,0.11950284292319328,0.09781918678309004,0.12896930842326948,1.0,0.05948310056879676,0.06318124743365956,0.057230669885540306,0.0925490365651218,1.0,0.03305270084811837,0.07848433984892383,0.1261992153861225,1.0,0.04427240008750004,0.125967943224456,1.0,0.09180757145480814,0.9999999999999999,0.9999999999999999,0.6397009853836132,0.6384127453171177,1.528940481882124,0.5137497877982128,1.4489525586975993,1.0,0.3655658241784142,0.47640693960100716,0.336899082701254,1.0342644370375091,1.0,0.34452673311444587,0.23479515689286093,0.6853259673742904,1.0,0.3691616245182424,0.36925430264080966,0.9999999999999999,0.676900208074478,1.0,1.352787531068762,0.4730553726047083,0.7274704061539342,0.488118733385397,0.356071511674679,0.7944664258282103,0.133625,0.29325,0.322125,0.025625,0.15075,0.04975
228,39,0,6-variate,0.9999999999999999,0.019020549539189538,0.0037788663894934883,-0.009765074482500713,-0.022599619707358784,0.03643802981426679,1.0,-0.016525211428798356,0.07041207706860728,-0.003940230137121567,-0.03295750912400025,1.0,0.058073890152719555,0.024265364216450168,0.020142463014605566,1.0,-0.03912195425058763,-0.0032028480116340686,1.0000000000000002,-0.00428790051993892,1.0000000000000002,0.7992348670959473,0.4156540036201477,0.4992716610431671,0.4621393382549286,0.28917837142944336,0.6122336983680725,1.0,0.003929866652707748,0.008399344058279235,-0.008314847763353617,-0.009735045254448925,0.010586157487688782,0.9999999999999998,-0.006826119033606695,0.01417627719441505,-0.006221412223123493,-0.005006097362831924,1.0,0.02378385349132101,0.005858207882172438,-0.003504751361546114,1.0,-0.023734968648410997,-0.004593380347125231,0.9999999999999998,-0.014530614908170246,1.0,0.9999999999999999,0.06316347193018665,0.010886724802908166,-0.05509764200509855,-0.047928493024389694,0.18552936630289052,1.0,-0.05019868425617631,0.2745092647123665,-0.011497454439843307,-0.15115207222039567,1.0,0.20158706195177536,0.027918796384136142,0.055476511445022095,1.0,-0.11573561863511012,-0.004692884138806019,1.0000000000000002,-0.012086345543758197,1.0000000000000002,0.8021215152386644,0.4447205077438444,0.4809284476920981,0.46442805465736864,0.29429757513996224,0.6228611322627189,0.08525,0.296,0.317,0.02375,0.142,0.04
229,39,1,6-variate,0.9999999999999999,0.08523856623997951,0.050615485132317346,0.03750876492772644,0.04988582007367119,0.048963142313366154,1.0,-0.025275915279669957,0.036657618243396285,0.038030366246922034,0.048164601507211344,1.0000000000000002,0.0449924839198859,0.08913656877122274,0.06564479230124941,1.0000000000000002,0.01435280285575698,0.05348335404367746,1.0,0.04883232351855219,1.0,0.9749510884284973,0.476978600025177,0.5352259278297424,0.4894256889820099,0.30011290311813354,0.7084930539131165,0.9999999999999999,0.03940943321201303,0.02447857333270579,0.017453612726973673,0.022465660336936533,0.02373307719977871,1.0,-0.0017809696030490236,0.029011473402886147,0.023197368016639193,0.021421086791309604,1.0,0.017399040041395152,0.04199168632337101,0.026865257568999303,1.0,-0.006850415612767342,0.020989371146450744,1.0,0.02832182922742353,1.0,0.9999999999999999,0.28306041154767764,0.14582062322473419,0.21163582940768427,0.1057962967718134,0.24930279279254836,1.0,-0.0767807222052139,0.1429137932760566,0.1109714556672603,0.22089587131217026,1.0000000000000002,0.15617894407493987,0.10255705175564168,0.18079933951794333,1.0000000000000002,0.042460315704646305,0.07836533327352992,1.0,0.13764413344469056,1.0,0.9387396234278832,0.4843090661527749,0.5121209062066954,0.4750018629748314,0.2992624858327304,0.6649309675611114,0.10025,0.30575,0.327375,0.02075,0.139375,0.046875
230,39,2,6-variate,1.0,0.1411595137499945,0.10627268142992329,0.0689050881067184,0.09206252457176725,0.08727142923512048,0.9999999999999998,0.0984895318375799,0.07380247263842685,0.10883356559084133,0.0757732882777944,1.0000000000000002,0.03985743999836914,0.12248735508512376,0.08173775691898202,0.9999999999999998,0.02401819479756399,0.0924898471465356,1.0,0.0891290751065867,0.9999999999999999,1.0606906414031982,0.5302595496177673,0.5705825090408325,0.48307526111602783,0.3198792040348053,0.7451460957527161,1.0,0.06314733204226254,0.05869891495783028,0.03546843992531573,0.03950731731780286,0.051405343470775314,1.0,0.04711449665561338,0.03242052670136805,0.04905328740208967,0.03626726117941118,0.9999999999999998,0.014902567345916481,0.05544075143122543,0.0513148508525159,0.9999999999999999,0.019423679024245237,0.06541097437569844,0.9999999999999998,0.05234212883823737,1.0000000000000002,1.0,0.46876286977533493,0.3061659232454798,0.3887833496293761,0.1952433950818724,0.44435475413063286,0.9999999999999999,0.29918185334195174,0.28772689494768944,0.3175731238549662,0.34751665696405315,1.0000000000000002,0.1383540146545327,0.14092911804068967,0.225122813784262,0.9999999999999999,0.07105367073549479,0.13551877370046286,1.0,0.25122884391787853,0.9999999999999999,1.018592070001764,0.498809717344592,0.5253124104094505,0.47400105725930947,0.3111928270124991,0.6918582374792316,0.100125,0.30375,0.32225,0.02225,0.1525,0.045625
231,39,3,6-variate,1.0000000000000002,0.1852256289798268,0.22501088983683512,0.11682795863460081,0.1155689965955444,0.13723352697254987,1.0,0.16655739771568667,0.10439701065850633,0.1361483832403711,0.13787273207470455,1.0000000000000002,0.032441365738808445,0.16970541859631683,0.152518249896418,1.0,0.0888552363796739,0.14224417088694452,0.9999999999999999,0.15467756005536873,1.0,1.1830737590789795,0.5409275889396667,0.6325604915618896,0.49259045720100403,0.34579986333847046,0.7843095064163208,1.0,0.0907587321684353,0.09828695158493314,0.06257917650265057,0.060308015092721115,0.06056851350987225,1.0000000000000002,0.061126191646338694,0.056259878578078217,0.04122606821573443,0.0667817670223896,0.9999999999999999,0.014317555412617514,0.08071553746066361,0.06540693512305774,1.0,0.04060172410133528,0.07468339248651906,0.9999999999999998,0.07244938985608002,1.0,1.0000000000000002,0.6150979035280001,0.6482445484562926,0.6591786703782985,0.24509511141669527,0.6987438792360303,1.0,0.5059517494566674,0.40700304910981583,0.39727685441764077,0.6323216398672745,1.0000000000000002,0.1126109915696471,0.19525645562240626,0.420067038431583,1.0,0.2628629107619041,0.20842019908653367,0.9999999999999999,0.4359909655436949,1.0,1.085140334771378,0.5128642387053596,0.5554813115106899,0.4825499621620766,0.3150891825920344,0.7143203850760709,0.110125,0.305625,0.3255,0.0215,0.15125,0.04525
232,39,4,6-variate,1.0,0.2309420056785914,0.22154166126243677,0.188334144557522,0.17367547670514671,0.14999884872535926,0.9999999999999998,0.12949914480693483,0.10912750963105261,0.15415432527411846,0.14258670331359524,0.9999999999999998,0.13101436985114656,0.2177166073538902,0.2357647540521177,0.9999999999999998,0.13690701917502765,0.15833004746840862,1.0,0.21142311892049212,0.9999999999999999,1.2127013206481934,0.5716627836227417,0.6757160425186157,0.5118563175201416,0.3350529670715332,0.7752860188484192,1.0,0.11408714033015113,0.11077739702570669,0.08030397687819436,0.06388260286943158,0.056368419523976095,0.9999999999999999,0.038820632104180394,0.04511986545963165,0.051734079307512844,0.0667937277885554,0.9999999999999999,0.04322361658774125,0.09484545858797251,0.09451607020907202,1.0000000000000002,0.037129403547664114,0.0750217632626612,1.0,0.07692568701926604,1.0,1.0,0.7669126119762323,0.6382498846902315,1.0626385851817937,0.3683255779887407,0.7637404659886237,0.9999999999999999,0.3933797455793452,0.42544552916739176,0.4498175479991832,0.6539411840339197,0.9999999999999999,0.45477948109308636,0.2504961919434247,0.649345087381151,0.9999999999999999,0.40501579169243473,0.23198975607018463,1.0,0.595940104030475,0.9999999999999999,1.116524997228077,0.5156022211089298,0.5812746651781147,0.4981995409311213,0.3134459241680568,0.7150027297801906,0.113625,0.31025,0.329125,0.01975,0.145,0.048125
233,39,5,6-variate,1.0,0.2667268521287301,0.2611760554621797,0.18763429773590046,0.11442050945718513,0.1397138925743004,0.9999999999999998,0.15888032051452208,0.15028184220689397,0.18085201539067955,0.17862287643442382,1.0,0.1111960580842948,0.18992325561755774,0.2244251279679652,1.0000000000000002,0.09614742971950573,0.20906019415471983,0.9999999999999999,0.16606217731137116,0.9999999999999998,1.2290265560150146,0.5937994718551636,0.7191900014877319,0.5393587350845337,0.34269818663597107,0.8140249848365784,0.9999999999999999,0.12126338475598389,0.12023718020184693,0.07849723583829661,0.05494614615908457,0.054889764769290514,1.0,0.05902436689711371,0.05411743029852891,0.0769016605732495,0.07537391440239481,1.0000000000000002,0.04047460307664424,0.09096550385461202,0.09933369636304593,0.9999999999999999,0.04822453375858487,0.09472967993359341,1.0000000000000002,0.06533072144241209,1.0000000000000002,1.0,0.8857472086111948,0.7524344562854062,1.058689417164924,0.2426595576806027,0.7113730065782873,0.9999999999999999,0.48263097236000385,0.5858904001624158,0.5277208904414197,0.8192128539629684,1.0,0.38598586462016615,0.21851828572304338,0.6181133485845866,1.0000000000000002,0.28443555408812404,0.3063210515614313,0.9999999999999999,0.4680808405805508,0.9999999999999999,1.115033228204918,0.5210707282874745,0.5914534187980824,0.49724036146915945,0.31048928284815086,0.7404157929310179,0.117625,0.309625,0.322875,0.0205,0.146125,0.05075
234,40,0,6-variate,1.0,-0.03891622768072678,-0.04704067557069207,0.03220279709179994,0.010209305570288636,-0.016299048235341635,0.9999999999999998,-0.03594062753667651,-0.053159908628591684,-0.022224976587512633,-0.016429393421357085,0.9999999999999999,0.02301085301574843,-0.0296904312764145,-0.007125332980046476,0.9999999999999998,-0.0002051241569496227,-0.022682869023477124,1.0,0.02119584781193981,1.0,0.6517283320426941,0.5363302230834961,0.5971850752830505,0.5671429634094238,0.2605326771736145,0.6205893754959106,1.0,-0.019394920837647038,-0.007427987875569202,0.00601520389470571,0.015537157592380887,-0.004552794890653344,1.0000000000000002,-0.0006810533725870018,-0.012556308057942686,-0.003311133747101145,0.00017871147395801348,0.9999999999999998,0.019864682156072396,-0.010636243617017996,-0.011050716002607182,1.0,0.007323159420389969,0.00201749720384822,1.0,-0.0005549792435912447,1.0,1.0,-0.1292330848781084,-0.13552173313186927,0.18169781110472005,0.021651539604561936,-0.08298906011401799,0.9999999999999999,-0.10917693815203225,-0.20724978254978743,-0.06485167698434788,-0.07534956161727113,0.9999999999999999,0.0798757288779841,-0.034160613491689744,-0.01962470171534146,0.9999999999999999,-0.0006068012958625195,-0.03323558261456206,1.0,0.059744945188553035,1.0,0.6494194914617243,0.5192541473592631,0.5835530618699132,0.5666788448592098,0.24924133364833184,0.6037632343077343,0.089625,0.294,0.314,0.0265,0.140625,0.045625
235,40,1,6-variate,1.0,0.04527854828223899,0.03308695261687737,0.0065155373317228715,0.08349657428378542,0.03897563331454012,1.0,-0.006118730982897372,0.04186537872849323,0.0420358253810794,0.04596081454041871,0.9999999999999999,0.05910187723026622,0.02180193059471251,0.0810117770737377,1.0,0.009934769119435355,0.09785075314066992,0.9999999999999999,0.03134779066689684,1.0,0.7475795745849609,0.5865353345870972,0.6441941261291504,0.5366268754005432,0.24954217672348022,0.7012084126472473,0.9999999999999999,0.019896804759742606,0.023426732536388488,0.01794300396632348,0.037889080432708167,0.023206817918824625,1.0000000000000002,0.008399851695458118,0.018679420011779132,0.01905772212253049,0.04403900883557769,1.0,0.012835125947376999,0.021387664769395267,0.029097750749569138,1.0000000000000002,0.016534948741305514,0.045658495789237294,0.9999999999999999,0.043958566299017475,1.0000000000000002,1.0,0.1503611374150755,0.0953217944085703,0.036762667047416285,0.1770769213940538,0.1984498392129921,1.0,-0.018586890890808696,0.16321676981050023,0.12265927818602006,0.21078870906059055,0.9999999999999999,0.20515551264861712,0.025084494613913155,0.22312320551218584,1.0,0.029390388572059743,0.14337365555682288,0.9999999999999999,0.08836016535961537,1.0,0.7309208211834122,0.5619462855284681,0.6347724715977607,0.5660357767812894,0.25084295493791625,0.6660071098627349,0.096875,0.288,0.324375,0.030125,0.139375,0.044
236,40,2,6-variate,0.9999999999999998,0.14464307333863732,0.08172510422966751,0.11478489325857023,0.13232081056380993,0.09741272030265688,1.0,0.07695897865043966,0.09299707519447457,0.0881186000400446,0.21901488306379324,1.0,0.07104429811764472,0.07083410678329229,0.1463009153304041,1.0000000000000002,0.05720306885717967,0.15744111523347487,1.0,0.11394877254108857,1.0000000000000002,0.831680417060852,0.6276155114173889,0.7300019860267639,0.5905910730361938,0.2627977728843689,0.77156662940979,0.9999999999999998,0.06468731925361475,0.03637137925705472,0.040213916308325895,0.05230596960361708,0.04754950023723458,1.0,0.0393024218408052,0.03698229265460004,0.039975182582764564,0.08419369312537613,0.9999999999999998,0.01704433458074559,0.04373752709493402,0.06624992007020393,0.9999999999999998,0.02463780789211319,0.06663660853385159,0.9999999999999997,0.05015285416728397,0.9999999999999998,0.9999999999999999,0.4803311170605125,0.23544569325444162,0.6476510659659387,0.28062186254174015,0.4959905163208085,1.0,0.2337785479727556,0.36255943367132343,0.25712737648631206,1.0044615057721997,1.0,0.2466103999328703,0.08149895570722608,0.4029430365410468,1.0000000000000002,0.16922550621864707,0.23068729712219704,1.0,0.3211885629200442,1.0000000000000002,0.7758285384664013,0.5736581435749227,0.6603467618766069,0.5817459680509296,0.25530311375701503,0.7097924779075176,0.10075,0.291625,0.3245,0.029375,0.1425,0.05425
237,40,3,6-variate,0.9999999999999999,0.169134827157651,0.1538564568893307,0.11104604980021292,0.16574546248793046,0.12653377515349512,1.0000000000000002,0.09198778379534801,0.08229345379918189,0.0784036096063958,0.21956445933028954,1.0,0.08910178065680248,0.17567661905749538,0.1985161642168626,1.0000000000000002,0.0829494877003571,0.172256605219786,1.0000000000000002,0.1913403634811877,1.0000000000000002,0.8845325708389282,0.6399093866348267,0.7516546249389648,0.5914117693901062,0.2711554169654846,0.8080793619155884,1.0,0.07924694982700432,0.04910524413604515,0.04586092648947336,0.07214162700797624,0.06393391323719877,1.0000000000000002,0.04360925766861036,0.039402232468822664,0.0329860154947396,0.09907037386733204,1.0,0.046649782327718346,0.06589679980152498,0.09466845514906977,1.0,0.026723092009572805,0.08082335683581658,1.0,0.06862124168862707,1.0,0.9999999999999999,0.5616633349505482,0.44325240049814607,0.6265554970204558,0.3515078577754498,0.6442643748649107,1.0000000000000002,0.27943144731375325,0.320830193515981,0.2287793296194285,1.0069820077949894,1.0,0.3092918620656992,0.20212659178461634,0.5467546888500284,1.0000000000000002,0.24539177320197056,0.2523953127980117,1.0000000000000002,0.5393327639439929,1.0000000000000002,0.8177866390831794,0.5840569288190235,0.684919410784026,0.5912035807569894,0.25823355872642806,0.7300971514624468,0.103625,0.299125,0.329125,0.02675,0.144125,0.055625
238,40,4,6-variate,0.9999999999999999,0.2050267548805789,0.13091170028648833,0.11508669906033375,0.11012774063165974,0.2006806337073747,1.0000000000000002,0.14032647735124912,0.21143324057328391,0.07767989469337933,0.2680695096533362,0.9999999999999998,0.12470408526778626,0.13106856150180277,0.22955189351625913,1.0,0.09062359580145128,0.2623087993807814,1.0,0.13772663437737384,0.9999999999999999,0.9271470904350281,0.7155974507331848,0.8143315315246582,0.6292884945869446,0.28949424624443054,0.8405521512031555,0.9999999999999999,0.08961288828204327,0.06842499606311306,0.04810198705700748,0.059142553962166465,0.08880490758185348,0.9999999999999998,0.05668272224847642,0.09259459216756231,0.052375236937718644,0.10726967845595312,1.0,0.04735827788368152,0.05488565174421954,0.10192749059384408,0.9999999999999997,0.04527213175478063,0.09928845132450068,1.0,0.07015922196699882,1.0,0.9999999999999999,0.6808535348456206,0.37714978220083506,0.6493541208486083,0.23355555058392105,1.0217937523416578,1.0000000000000002,0.42626999909064994,0.8242955215981963,0.22666764919005952,1.2294393505267376,0.9999999999999999,0.4328753395877832,0.15080236543565104,0.6322335738106081,1.0,0.26809424444216423,0.3843423074688059,1.0,0.3882110397090148,0.9999999999999999,0.8346579520514429,0.6135216133649766,0.7238269375405358,0.5913292126905554,0.2594089941367403,0.7440364215351083,0.108,0.295625,0.336375,0.032,0.14525,0.06025
239,40,5,6-variate,1.0000000000000002,0.20600703866254047,0.18378005361256905,0.1440404847463855,0.23830020865867146,0.2237122950157147,1.0,0.13919669997781547,0.1698243818816472,0.13770392132084514,0.22795192519894222,1.0,0.1012091585566042,0.23469319128490507,0.23708479102817542,0.9999999999999998,0.13797443541691848,0.22888189909168263,1.0000000000000002,0.21235956344329102,1.0,0.9441013336181641,0.6923547387123108,0.8210324048995972,0.571685254573822,0.275055855512619,0.8650436997413635,0.9999999999999999,0.09595757281508864,0.076313343778038,0.05848079402466292,0.10089457712917693,0.0941759035499455,0.9999999999999999,0.05429932824955331,0.07759544564422913,0.06100685667874921,0.10288750897450252,1.0,0.026944279984826236,0.08910419818507875,0.11451061014965662,0.9999999999999999,0.05044516514153537,0.09867267461313253,1.0000000000000002,0.08802290016906238,0.9999999999999999,1.0000000000000002,0.6841089260475093,0.5294606679001012,0.8127202217651021,0.5053796762046999,1.1390626086790734,1.0,0.4228381016890592,0.6620788303762009,0.4018158175550361,1.045449184913356,1.0,0.3513191497170355,0.2700287657385663,0.6529804914935873,0.9999999999999999,0.4081736974110389,0.33536425349281934,1.0000000000000002,0.598579624942999,1.0,0.8437671235565055,0.6216799211741048,0.7206092703121176,0.5767339355166043,0.2598665857671259,0.7471552743139239,0.111625,0.30075,0.34,0.02875,0.137125,0.055375
240,41,0,6-variate,1.0,0.0045332394413896806,0.022666658567452893,-0.005623935521505568,-0.003969884756416141,-0.026023708338881898,1.0,-0.05341874466108579,-0.005231432985634851,0.0009373330085493435,0.0065495948583602,1.0,0.004087027556075892,0.047139510686521564,-0.0026672605362470132,0.9999999999999999,0.030840673535373696,-0.01792946967328152,1.0000000000000002,-0.04080577707123075,0.9999999999999999,0.923620879650116,0.5129207968711853,0.4777893126010895,0.5737337470054626,0.25409039855003357,0.5718759894371033,1.0,-0.00279318035224195,0.017135358854974324,-0.008940931475267512,0.007262505165908089,-0.018426553890967277,0.9999999999999998,-0.009712548519440683,0.004095541108097536,0.0012802467661590404,0.0077194416934722905,1.0000000000000002,-0.0010398243606828013,-0.003953909186399515,0.0015628566160728905,1.0,0.01306967889754233,-0.003229452562541728,1.0,0.0023946450846719916,1.0,1.0,0.015054055829353619,0.06530146519209686,-0.03173206564145718,-0.008419253056468796,-0.13250337048264568,1.0,-0.16227024190711326,-0.0203952215104429,0.002735047431794771,0.030038205088759845,1.0,0.014186921198196636,0.05423692190280035,-0.0073461273721523255,0.9999999999999999,0.09123689741104642,-0.026270746405629666,1.0000000000000002,-0.1150195281818616,0.9999999999999999,0.935192371008181,0.5190762649090143,0.46402140940873243,0.5752428766028023,0.24944103749104699,0.5596835706980452,0.08675,0.2985,0.315125,0.024125,0.14075,0.04725
241,41,1,6-variate,1.0000000000000002,0.0556155481743099,0.08061773149859808,0.0783312663279673,0.07095761817961257,0.04679703672811841,1.0,0.05418916809131848,0.0827861135721993,0.043996684670453284,0.07544691140968819,1.0000000000000002,0.04100367651724103,0.030594518614721074,0.07653939581843597,0.9999999999999999,0.004825726509070268,0.036688755451469574,1.0,0.019555528353343923,0.9999999999999999,1.0701638460159302,0.5441073179244995,0.531601071357727,0.6090452075004578,0.2686328887939453,0.6422860026359558,1.0000000000000002,0.035873836835887074,0.043481737917628126,0.04414262107935253,0.02804502762973792,0.027028648319272788,1.0000000000000002,0.014491835840104671,0.0406730357273415,0.012103802754077684,0.04496520522564858,1.0,0.010292174234658315,0.02459325089018712,0.03688689411829936,1.0,0.01384862028312106,0.01633940916838135,1.0000000000000002,0.020345731680981194,1.0000000000000002,1.0000000000000002,0.18468834689859095,0.2322554654639692,0.44196860894912743,0.15048474075790097,0.23827385328878414,1.0,0.16461052627419656,0.32275071625398727,0.12838083555435742,0.3460199421179939,1.0000000000000002,0.14233276585510818,0.03520084219155602,0.21080538804641766,0.9999999999999999,0.014276115766344051,0.053757441733502415,1.0,0.05512135572217568,0.9999999999999999,1.0598233044992182,0.5388314606167673,0.504709064316898,0.5875496640939574,0.2611864650409174,0.5992645152874917,0.1,0.299375,0.3225,0.024,0.13425,0.04825
242,41,2,6-variate,1.0,0.1267221231823561,0.1488786650008757,0.14901135981566124,0.14106130955093232,0.15849368148161105,1.0,0.07153842537140608,0.12607862345792661,0.05384415037904122,0.14256322165519858,1.0,0.052423080852904994,0.14454045767841237,0.16005069480618458,1.0000000000000002,0.0741594918923865,0.10816703678178874,1.0000000000000002,0.08039150773188129,0.9999999999999999,1.1951804161071777,0.601716935634613,0.6017969250679016,0.6139903664588928,0.2711215913295746,0.7262482643127441,1.0000000000000002,0.06437061505597816,0.06018451214502117,0.0726214324306065,0.07209353651106658,0.07296048275487264,0.9999999999999998,0.03496989905778923,0.05902616250133074,0.026349260691621277,0.0633552539754952,1.0,0.01204414905330954,0.050326711879163905,0.07376223421780717,1.0000000000000002,0.04042210394215317,0.05336842174374963,1.0000000000000002,0.037191626780241675,1.0000000000000002,1.0,0.42081920550740554,0.42891169319028655,0.8407672922987359,0.29915841338304655,0.8069929482116145,1.0,0.21731236540602306,0.49153110883740575,0.15711550411161834,0.6538334911695347,1.0,0.18197211791606488,0.16630256207740676,0.4408128082879463,1.0000000000000002,0.21938803286546407,0.15848945742451984,1.0000000000000002,0.22660023524678216,0.9999999999999999,1.1578655201052455,0.5602298400013603,0.5358957849670736,0.5905748797231972,0.257113459223284,0.6354152514124668,0.11025,0.30125,0.330375,0.025125,0.1405,0.055
243,41,3,6-variate,1.0,0.17602892748744373,0.18760360642268653,0.1813287567396461,0.22269962878003685,0.20815154829415372,1.0,0.11950399628614675,0.1610266095250766,0.08683414566338278,0.15788112891368467,1.0,0.09867563130770156,0.2031063423874361,0.21700888574365834,0.9999999999999999,0.10004049773194315,0.15415441392734622,1.0000000000000002,0.13258105762695072,1.0,1.300796389579773,0.6358820199966431,0.6175850629806519,0.665068507194519,0.2776488959789276,0.7799747586250305,0.9999999999999999,0.08083660680038957,0.07746524780529751,0.08274617178286152,0.10896501035911689,0.09604985691975107,1.0,0.03748037580996897,0.07751465430434651,0.030483012313503897,0.07458868162920608,1.0,0.03795315122498387,0.09143845315421487,0.08496539190461957,0.9999999999999999,0.0429361211836963,0.08509978448522323,1.0,0.062464916035751925,1.0,1.0,0.5845572937127704,0.540476220103926,1.0231118487106456,0.4722943460909731,1.0598328785812687,1.0,0.36301764354753235,0.6277798451650269,0.25337932671305285,0.7240854993872587,1.0,0.3425247183550957,0.23368617322717564,0.5976874202245929,0.9999999999999999,0.29595270353072534,0.22587149383697597,1.0000000000000002,0.37370728488380484,1.0,1.2417257219666744,0.5865188666944482,0.5420106484615074,0.605321668265562,0.2605123761460293,0.666727581871751,0.119625,0.294875,0.33025,0.027375,0.13425,0.052
244,41,4,6-variate,1.0,0.22959542402749342,0.2195244220737921,0.2175652314373034,0.28810276841750837,0.262727403470503,1.0,0.1263268056229683,0.19015535674131767,0.11300614666343059,0.20517947774150758,1.0,0.13948151627129327,0.2072155027828588,0.23409143963058301,1.0,0.12911205433695291,0.24656734329039498,0.9999999999999999,0.18760132629817547,1.0,1.3544493913650513,0.6274855732917786,0.6234530806541443,0.6568857431411743,0.2969498932361603,0.8117886781692505,1.0,0.11068690622674625,0.08223356951753966,0.09037491196234448,0.12774191683150257,0.10826172752816321,1.0,0.05828412118599935,0.08445458348989379,0.05528523296976888,0.09056137284811716,0.9999999999999998,0.04211944620494964,0.08784564136147517,0.10396052851458405,0.9999999999999998,0.05187684042695676,0.10270491311035289,0.9999999999999998,0.077911826847376,0.9999999999999999,1.0,0.7624410639634236,0.6324383715801287,1.227569298117546,0.6109994967484331,1.3377133750010652,1.0,0.38374319714886806,0.7413414513566747,0.32974853491715594,0.9410084061912778,1.0,0.4841708949239725,0.2384140526861995,0.6447362603351454,1.0,0.3819557582630791,0.3612775948812443,0.9999999999999999,0.5287934617774201,1.0,1.2820499579141118,0.5958992649289849,0.5478847283240132,0.6220986429610191,0.2756990630075033,0.6870374028566553,0.11325,0.299375,0.33075,0.02825,0.149625,0.055375
245,41,5,6-variate,0.9999999999999999,0.26785846393952756,0.19949704048386632,0.21835766422634012,0.326089411694728,0.2709271720282124,1.0,0.1413901152726794,0.18574597993940467,0.13446229811974275,0.2234778203642938,0.9999999999999998,0.07963187988301983,0.21889759366977277,0.2515595737789853,1.0000000000000002,0.14062842113430582,0.20429726958148214,1.0000000000000002,0.1977560782481503,0.9999999999999999,1.410156011581421,0.658257782459259,0.6679707765579224,0.6721395254135132,0.2991054356098175,0.8405230641365051,1.0000000000000002,0.11958882716092205,0.09021310312882963,0.10023492689035425,0.1408116550136038,0.1325443565944821,1.0000000000000002,0.06323064356233721,0.08008515141427361,0.05598161664340826,0.09964620182164574,1.0,0.03696523855399758,0.09698127806383536,0.11890072235422416,1.0,0.07249856928407616,0.0970645818389491,0.9999999999999998,0.0796710966051921,1.0,0.9999999999999999,0.8895051261595267,0.57474066601444,1.232040176878926,0.6915600948962098,1.3794635156236152,1.0,0.4295009755760824,0.7241511010758247,0.39235690915599924,1.02492955154428,0.9999999999999999,0.2764196048712394,0.2518549309583104,0.6928472400792622,1.0000000000000002,0.41602472059546913,0.29934224117427133,1.0000000000000002,0.5574167446821703,0.9999999999999999,1.3073731975741232,0.6071250758881778,0.5751792263057801,0.624549962679626,0.27397636144027787,0.6981732158210714,0.118375,0.298,0.3305,0.026625,0.146375,0.051875
246,42,0,6-variate,0.9999999999999998,0.009173722134465335,-0.0406181903426294,-0.013868535565376053,0.013140313976281851,-0.027693416141231764,1.0,-0.0014708279974044716,0.04119589504350796,0.015164545666292346,-0.04522717962759994,0.9999999999999998,0.02138674244094241,-0.056486259293876864,-0.012735812683902873,1.0,0.052376008776465116,-0.03454088619951551,1.0000000000000002,0.012414140008263208,1.0,0.7125111222267151,0.48337674140930176,0.47232916951179504,0.36880892515182495,0.26017677783966064,0.5216355919837952,1.0,0.009677078996523415,0.0017455730820489762,0.0063586466715673815,-0.009462477740054506,-0.010625548253873332,0.9999999999999998,0.005900368480346665,0.006318632791568947,0.002715928998570357,-0.009821527507815918,1.0,0.0019698972344092637,-0.015771757270446416,-0.0063886499376100536,0.9999999999999998,0.0250109282889559,-0.0035316013889699705,1.0000000000000002,0.013050371638035678,1.0,0.9999999999999999,0.030464132317285335,-0.11701888994754332,-0.07825056134026732,0.02786752819650668,-0.1410049225539918,1.0,-0.004467909847827534,0.16060666711681465,0.04424970363866353,-0.20742404419029228,0.9999999999999999,0.0742382441529185,-0.06499089962027148,-0.03507707472873216,1.0,0.15494525949393192,-0.05061028354679329,1.0000000000000002,0.03499180764266272,1.0,0.7305999299812221,0.4681320736600915,0.48685760395770494,0.36875159282603626,0.2807696179838353,0.5008892734919874,0.08075,0.291875,0.317125,0.02275,0.137125,0.03525
247,42,1,6-variate,1.0000000000000002,0.10361694459118644,0.08789177101413116,0.05237942234143382,0.0686975120799346,0.028334786970025068,1.0,0.01218513798578331,0.06616259544584668,0.040536941417532626,0.07682562352905868,0.9999999999999998,-0.01581570836569801,0.03620904243888942,0.002117028996940804,0.9999999999999999,0.14819633404092764,0.020111454445794014,1.0,0.052973858155853225,0.9999999999999999,0.8598149418830872,0.5202126502990723,0.5614562034606934,0.38107529282569885,0.3010840117931366,0.5692058801651001,1.0,0.04296824285430491,0.04376940843511724,0.01222614261168929,0.03277393068548717,0.017061403111717638,0.9999999999999998,0.020651994015869483,0.034869812924667454,0.019266163821821954,0.01670264593389084,1.0,-6.432510715653543e-05,0.022876783563730865,0.03096608536628406,1.0,0.03898052137696727,0.008630350137145824,1.0000000000000002,0.028181191208835485,1.0,1.0000000000000002,0.34409154649575396,0.2532116544211955,0.29554053423175186,0.14569154851540436,0.14427055231888533,1.0,0.037014771597280345,0.25794206416170257,0.11828546988486818,0.3523431535658132,0.9999999999999999,-0.05489976812119052,0.041660707111468,0.005830740336088034,0.9999999999999999,0.43841321657948895,0.02946785869968372,1.0,0.14931785464846326,0.9999999999999999,0.8275396048658226,0.4965126415665663,0.5269765587557365,0.3675884413528683,0.2917031121812667,0.5395279679289702,0.08975,0.304125,0.3115,0.02375,0.13875,0.037
248,42,2,6-variate,1.0,0.15695459871882383,0.12161436201309668,0.08544562030695751,0.17224859382968394,0.0901674567137644,1.0,0.0790438432277871,0.10840390082176643,0.06139337583398975,0.09796265033791711,0.9999999999999998,0.029897444392403712,0.13627071564258508,0.089882556012781,1.0000000000000002,0.13769060933625057,0.011607984019317341,1.0000000000000002,0.10952892109924978,0.9999999999999999,0.9342654943466187,0.5416241884231567,0.5760558843612671,0.381271094083786,0.29287031292915344,0.5944845080375671,0.9999999999999999,0.07903589221314061,0.05752279953880568,0.03678803334260812,0.0691503715110827,0.02999124264264657,1.0000000000000002,0.03598166971772603,0.048034088360874624,0.03158528608322795,0.04092622830904742,0.9999999999999998,0.014324614384163012,0.05954352094715917,0.0552874908801618,0.9999999999999999,0.05129833716096169,-0.001063579134526967,1.0,0.043931006109685526,1.0,1.0,0.5212152645145627,0.35036464175046783,0.4821100379016713,0.36529943413798194,0.45910043798857764,1.0,0.240111645074717,0.42262452501881526,0.17914402294669787,0.449283203337735,0.9999999999999999,0.10378069033884392,0.15678775279782828,0.24755525365597073,1.0000000000000002,0.4073340728693024,0.017008370796109822,1.0000000000000002,0.30873005585661817,0.9999999999999999,0.8706857886834637,0.5078529324654701,0.5392825812616323,0.3848182460285091,0.29445043666563026,0.5632161959694965,0.093625,0.308125,0.325375,0.02375,0.14125,0.03475
249,42,3,6-variate,1.0,0.1663815769206759,0.11293730990335271,0.09567661353733474,0.2333714675362977,0.10551402129106155,1.0000000000000002,0.13770627973125885,0.09531849406861038,0.10356132168610711,0.1529911044509712,0.9999999999999999,0.005027297789194689,0.15413289220793575,0.12303214290123948,0.9999999999999999,0.12402840102647683,0.07558139231468718,1.0,0.0876147552540237,1.0,0.9943012595176697,0.5615153908729553,0.6412191987037659,0.37679922580718994,0.3324969708919525,0.6338286399841309,1.0000000000000002,0.08926531966238335,0.053475831083944145,0.06317509742064838,0.11182822576361748,0.03955501425982236,1.0,0.06356803482107432,0.04756721667300874,0.053971838428920435,0.07372366553063787,0.9999999999999998,0.0013496356056495007,0.06716829476192288,0.06973213771736815,1.0,0.054266649841874605,0.04481835831515986,1.0,0.036084541136153746,1.0,1.0,0.5525204659646039,0.32536661387176935,0.5398363725314628,0.4949269552165707,0.5372397158029678,1.0000000000000002,0.4183105358873622,0.37160966673246765,0.30218899806761873,0.7016584118975074,0.9999999999999999,0.017450886143852103,0.1773392809237352,0.3388560708181181,0.9999999999999999,0.3669166844925206,0.11074401011592595,1.0,0.2469604623337605,1.0,0.8956563340831907,0.5287715398703232,0.5754793855781574,0.3803076085198629,0.30147692459631376,0.5804916104422025,0.088875,0.300125,0.319125,0.023375,0.135,0.039375
250,42,4,6-variate,1.0,0.22409141847736305,0.17134627715854914,0.140444879793895,0.2490148947721065,0.15043062192279177,1.0,0.15478705357407468,0.13778917993228054,0.15064124949866767,0.18347441969908637,1.0,0.009425938639993052,0.16958287431049582,0.16395145954172083,1.0000000000000002,0.15531222316918764,0.12296716769218079,0.9999999999999998,0.19395287527607064,0.9999999999999998,1.0212655067443848,0.5965781807899475,0.6840121150016785,0.4000300467014313,0.3391362428665161,0.6538872122764587,0.9999999999999999,0.10235526736468258,0.07568704276965708,0.05512576837898689,0.09979975111135306,0.06113612128942097,0.9999999999999999,0.06442874047524542,0.04969955542755046,0.06123101317556447,0.09642587258237913,1.0,0.0051117360777315395,0.07351063747274089,0.08238253136674886,0.9999999999999998,0.05079080358521275,0.04257996950751946,1.0,0.06689194382998515,1.0000000000000002,1.0,0.7441632106339067,0.4936396060321257,0.7924326792813442,0.5281030495039608,0.7659384795080388,1.0,0.4701969508597226,0.5371861254726449,0.4395665987506777,0.8414631340136988,1.0,0.03271959310565378,0.19511540598531468,0.451556323394985,1.0000000000000002,0.4594643818049711,0.18017499553716704,0.9999999999999999,0.5466965829432211,0.9999999999999999,0.9256563006881005,0.541367412158038,0.5935226483548091,0.3891231318495119,0.31473843323304795,0.5801402285832482,0.093875,0.2945,0.326875,0.024375,0.139375,0.040375
251,42,5,6-variate,0.9999999999999999,0.19580574856722938,0.19083560262750981,0.12071393171649268,0.2546057328445964,0.14901592044067008,1.0,0.1666855246117974,0.13342297903399067,0.17834819846535702,0.1812241349467713,1.0,-0.02915221584638483,0.18563659623209824,0.18441950242487248,1.0000000000000002,0.12044773700857392,0.14628581858075126,0.9999999999999998,0.12993617009070993,0.9999999999999998,1.0688960552215576,0.6081916689872742,0.6725393533706665,0.4068961441516876,0.3429194390773773,0.6695871949195862,1.0,0.0948676059392105,0.09361534674620933,0.05580155357504203,0.11521340793020882,0.06497865438008063,1.0000000000000002,0.07244346088547456,0.0646991356868081,0.07390961096450831,0.08639275119154492,1.0,-0.005165187455910955,0.08271740160081933,0.08446609944915859,1.0,0.04846977411741454,0.06163132961173388,0.9999999999999998,0.07102635079432328,0.9999999999999999,0.9999999999999999,0.6502323928795802,0.5497873335005379,0.6811046831335147,0.5399598729285708,0.7587356033469868,1.0,0.5063409254043763,0.5201640149048898,0.5204144929738533,0.8311428297785814,1.0,-0.1011937351329611,0.21358618897589954,0.507929558602781,1.0000000000000002,0.3563239046063984,0.2143421512853429,0.9999999999999999,0.3662522073393327,0.9999999999999999,0.949984933951467,0.5496353711493355,0.6000335264539041,0.38451841427435374,0.30639992395378446,0.5981928967110893,0.0965,0.299625,0.322625,0.024875,0.139875,0.039125
252,43,0,6-variate,1.0000000000000002,0.008383687535730811,0.006918961362831805,0.024931473017762516,-0.006496072998865545,0.06068925103806241,1.0,-0.023852963916062696,-0.05361679878159048,-0.05694446163774185,0.03365540829960164,1.0000000000000002,-0.04614375801985715,0.036514960283771464,0.01346281915935015,1.0,-0.026818876940481552,-0.048207369906071655,1.0,-0.009937873020465534,1.0,0.7713653445243835,0.43899139761924744,0.5361177325248718,0.2552136182785034,0.3429277837276459,0.578816294670105,1.0,0.012332352776326976,-0.008778770682128156,0.0003609014218367446,0.0035576790857914328,0.013207078378202203,1.0000000000000002,0.0007846921369851549,0.0015633329338753462,-0.004186096861581605,0.007849208869141611,1.0,-0.013713724200425863,0.0013510284821796538,-0.004609825889140083,0.9999999999999998,-0.00858312144679107,-0.0029182811530161163,1.0,-0.006500626677326528,0.9999999999999998,1.0000000000000002,0.027840620534995652,0.019933123871978674,0.14067086227071435,-0.013776666839254706,0.309007884219458,1.0,-0.07245829083124311,-0.20903082276760596,-0.16616226859461872,0.1543527755202437,1.0000000000000002,-0.16017517467544548,0.04201268658095517,0.03707949287447552,1.0,-0.07933905684241134,-0.07063482653837469,1.0,-0.028012033111736202,1.0,0.7812127441731318,0.4242077876792262,0.5476270562711577,0.28024943082870735,0.3655098804859645,0.6065683822978701,0.08975,0.287,0.322125,0.02525,0.157375,0.04475
253,43,1,6-variate,0.9999999999999999,0.11381624627140635,0.058864597041894534,0.038737288976085714,0.07476535058298626,0.11053299446951163,0.9999999999999998,0.0917224405907053,-0.04265480517045477,0.004017241195907723,0.0916406072816134,0.9999999999999998,0.007660875402068602,0.13733990511881367,0.09068261083829979,0.9999999999999998,0.02709928396509665,0.09305531749689572,0.9999999999999998,0.05040673463997846,1.0000000000000002,0.9597052335739136,0.4748407304286957,0.620394229888916,0.29091671109199524,0.39946916699409485,0.684893012046814,0.9999999999999999,0.04867873450546389,0.028136021369847417,0.012866924223123929,0.038006091943905446,0.046351147377371164,0.9999999999999998,0.03271292319395586,-0.002183733589534796,0.006547300873046391,0.044903488484170424,1.0,0.012742624082644967,0.06092796293909339,0.04209941121761495,1.0,0.010398958176254212,0.04052807187196338,1.0,0.03161938262680598,1.0000000000000002,0.9999999999999999,0.3779613779771017,0.1695857817785511,0.21856751485176673,0.15856005734512013,0.5627942377903694,0.9999999999999999,0.27862546719883535,-0.1662943244826958,0.011722102214885094,0.4202886661270949,0.9999999999999999,0.026592597797816465,0.15801789263237292,0.2497587179794562,0.9999999999999999,0.08016869278017452,0.1363473048290746,0.9999999999999999,0.1420819023146552,1.0000000000000002,0.8963185450775899,0.4433302790994313,0.5981978689618545,0.28875618868421027,0.3731105722698964,0.6578276594242388,0.102875,0.28975,0.32775,0.022625,0.1555,0.04875
254,43,2,6-variate,1.0,0.13862312396301632,0.1261208257539481,0.03188188481342854,0.15897746042940047,0.10953196059561406,1.0,0.14883697696165382,0.029718113101128752,0.09157190212528592,0.1352277254550214,0.9999999999999998,0.0065488295348005215,0.14757573165989596,0.16455625609819882,1.0,0.07559570249884244,0.11273099028750994,0.9999999999999999,0.09792160050189792,1.0,1.0408167839050293,0.46649032831192017,0.7022709250450134,0.29289835691452026,0.40460118651390076,0.7521260976791382,1.0,0.05954754261561055,0.05109657373592613,0.02384891795672963,0.07044386086825508,0.04710296496203239,0.9999999999999999,0.05582749186991349,0.018724923004114796,0.02734699296118027,0.07824237082175528,0.9999999999999998,0.008332730109257575,0.07209903623047001,0.07132390747754272,1.0000000000000002,0.01734034567771419,0.057307256546793056,0.9999999999999998,0.039715308611180715,0.9999999999999999,1.0,0.460339981547182,0.36334749869131144,0.17988730304745398,0.3371544327447188,0.5576973798467786,1.0,0.4521222722749353,0.11585936265324806,0.26720408407864726,0.6201907572819636,0.9999999999999999,0.022732314961459794,0.16979483445060367,0.45322211501754844,1.0,0.22363685713158424,0.16517669976059757,0.9999999999999999,0.2760123727935453,1.0,0.9725219957688915,0.4516324788045782,0.6552056217179558,0.2884933651106284,0.38417826859337745,0.7011533135205645,0.10775,0.287625,0.330625,0.023625,0.161,0.047875
255,43,3,6-variate,0.9999999999999998,0.1507771435234145,0.15289903368309288,0.09801313652059236,0.18908883108585345,0.10832900148066434,0.9999999999999999,0.1197183886193312,0.09747888491071609,0.09096599022263877,0.18200922402036507,1.0,0.03537433872792354,0.20793234414808293,0.21790786351125466,0.9999999999999998,0.07907176768610003,0.12811955925392282,1.0,0.1371652822167671,1.0000000000000002,1.1428967714309692,0.5045610666275024,0.7678170800209045,0.3064032196998596,0.41579845547676086,0.7887290120124817,1.0,0.08119827972766143,0.060297407333283475,0.04667641656918824,0.07653663393591331,0.036417688562655155,0.9999999999999998,0.058911115284982093,0.021803149024496208,0.0451858324304061,0.07820202336406167,0.9999999999999999,0.015751417049853365,0.0909274199924939,0.09497943644015865,0.9999999999999999,0.029335989371367034,0.05420161138696758,0.9999999999999998,0.06689692355248235,1.0,0.9999999999999999,0.5007010890927642,0.4404941601731666,0.5530200245678244,0.4010138536547428,0.5515723443519139,0.9999999999999999,0.363668831593206,0.3800319811295941,0.2654360489400914,0.8347436228139873,1.0,0.1227920883475846,0.23923880233123496,0.6001633451027788,0.9999999999999999,0.2339201647170952,0.187724359777917,1.0,0.3866289219977391,1.0000000000000002,1.0455689541020947,0.45712299240579446,0.6755036136324558,0.2960753925901305,0.3935650513457253,0.7200586792052647,0.116625,0.284,0.339875,0.025375,0.160125,0.05225
256,43,4,6-variate,0.9999999999999998,0.23236735163836464,0.17404450109754988,0.14337045564844156,0.2259294970030107,0.1659791291003239,1.0,0.17755148703910112,0.06967329845347713,0.15103849455400842,0.17083461726059576,1.0,0.03714793093422701,0.2501525223282018,0.25009962095689175,1.0,0.10855754789103024,0.169141236537871,1.0,0.17521773429649204,1.0,1.184984803199768,0.5248544216156006,0.8198645710945129,0.31673088669776917,0.4190313220024109,0.7750678658485413,1.0,0.09506062930197981,0.07333760855612187,0.04831294007026872,0.10007541238454999,0.07616552473488836,0.9999999999999998,0.06864912845943313,0.03988713840758311,0.05358111504580075,0.08318696426026136,1.0000000000000002,0.026851605043427814,0.09470173724372995,0.11887853831711123,1.0000000000000002,0.033612158573191414,0.06296940877103537,0.9999999999999998,0.07331883575850161,0.9999999999999999,0.9999999999999999,0.7716462679906174,0.5014130993571642,0.8089396685280835,0.4791440760162212,0.8451059175989774,1.0,0.5393485516985586,0.2716290082749706,0.44072579413648055,0.783493641985227,1.0,0.12894869202458165,0.2878157424302607,0.6888262786948894,1.0,0.321148772854846,0.24783062942246728,1.0,0.4938876852152748,1.0,1.0731550723187682,0.47134190844920243,0.7019732934502577,0.3056627915676189,0.39206856680836105,0.7189682740274143,0.121125,0.2905,0.33875,0.02475,0.165375,0.051
257,43,5,6-variate,1.0000000000000002,0.22581949319537314,0.22932435891995548,0.13766527415128432,0.22021741056958272,0.20137627551606863,0.9999999999999998,0.15837809858925284,0.14166440732177965,0.16779585037724934,0.2346367682392071,1.0,0.13038855942701977,0.2207924959091371,0.2447711273406926,1.0000000000000002,0.041868500594159364,0.1759586368440765,0.9999999999999999,0.18308161819844493,1.0,1.240941047668457,0.5718443989753723,0.8350158929824829,0.31967100501060486,0.47097939252853394,0.7983987331390381,0.9999999999999998,0.09669455358468487,0.09157497117299804,0.06313474636460314,0.09169681433133164,0.0798862045883887,0.9999999999999999,0.06898768690817222,0.052972605959106724,0.07035737348763628,0.10596948959631777,0.9999999999999999,0.03632762782550374,0.09852737224417935,0.10856922946311977,1.0,0.033321295124558836,0.08407640210469829,1.0000000000000002,0.08445630331761614,1.0,1.0000000000000002,0.7499020548550573,0.6606716876359644,0.7767491018360545,0.467030364037212,1.0253354720390093,0.9999999999999999,0.48110550843779276,0.5522943185330418,0.4896230783287001,1.0761073900174927,1.0,0.4526071876646496,0.25403513403434824,0.6741503501240786,1.0000000000000002,0.12386070581934783,0.2578196355902132,0.9999999999999999,0.5160537829282734,1.0,1.1006444546548337,0.4797570620162649,0.7174405662809294,0.30314809146773747,0.42090062051830623,0.7245572895171029,0.12,0.294375,0.34525,0.025875,0.157875,0.05475
258,44,0,6-variate,1.0,-0.026213711215493967,-0.027004935956686512,0.003483173528040693,0.020877612650197316,-0.008244414392634809,1.0,0.03207759661627598,0.015426155507528485,-0.010087833074742151,-0.0009621080756238942,1.0000000000000002,0.018576402493166944,-0.013153526574629095,0.013708152194163487,0.9999999999999999,-0.04113842738687181,0.010089306640270534,0.9999999999999999,-0.010537212078492347,1.0,0.9377334117889404,0.44924959540367126,0.49346959590911865,0.5137761235237122,0.2364458590745926,0.4601666033267975,0.9999999999999999,-0.015561378193034905,-0.00826639391572285,0.0070227465904037605,0.0033175808587242502,-0.006801307049131272,0.9999999999999998,0.011071166759434826,-0.0008019783923203788,0.0034732462649137512,-0.008065166931779413,0.9999999999999998,0.011536185584482272,-0.021149490630356652,-0.0043441395116589334,1.0000000000000002,-0.004607562713987055,-0.0062454901846186375,1.0000000000000002,0.010597291363659162,1.0,1.0,-0.08705053594683161,-0.07779980723662477,0.019653172711830806,0.04427655428571012,-0.04197768545050943,1.0,0.09744220522202554,0.06014054272848676,-0.02943597855219408,-0.00441262928427435,1.0000000000000002,0.06448267751378402,-0.015133899000049463,0.03775506463181524,0.9999999999999999,-0.12170100976223813,0.01478311867732174,0.9999999999999999,-0.029701442736839598,1.0,0.9477700159941702,0.4566334411863131,0.47821401024486093,0.5402740456767757,0.22824503106379113,0.48819529424884056,0.08575,0.29,0.322125,0.026,0.144125,0.03225
259,44,1,6-variate,0.9999999999999998,0.06778824292181254,0.07901427907063342,0.12075007237491416,0.10358510459141104,0.011584562883983846,0.9999999999999998,0.04406471161458134,0.02917701363243661,0.03016124177688443,0.06898773382189079,1.0,0.05725993213917441,0.0531614395803522,0.1119308026482615,0.9999999999999998,-0.005706059321263116,0.04364439251930761,0.9999999999999998,0.1316490827255429,0.9999999999999999,1.1248432397842407,0.4978460371494293,0.5458774566650391,0.5829059481620789,0.2538793981075287,0.5410837531089783,0.9999999999999998,0.03198016453213212,0.03480194505765892,0.054438930220446616,0.05153512696803173,0.0082596272898915,1.0000000000000002,0.012329643411093449,0.01597934857690523,0.020782449395320438,0.04030900079086287,0.9999999999999999,0.026047068938775817,0.03902323452198213,0.03387465451158014,1.0,0.005820582234862785,0.02612614427088936,1.0,0.05147011631823285,1.0,0.9999999999999999,0.22511133455049265,0.22763611250285143,0.6813084321153379,0.21968011476714527,0.05898447350240025,0.9999999999999999,0.1338554216466692,0.11374968373232906,0.08800952789552748,0.3163965777479592,1.0,0.1987617603019525,0.06116545069726257,0.30828056962028405,0.9999999999999999,-0.016880379336652908,0.06394902882852972,0.9999999999999999,0.3710804212674718,0.9999999999999999,1.0932334173695921,0.48391140434384966,0.5144310117197824,0.5607699805421895,0.23106918793018028,0.5316582663186812,0.101625,0.29175,0.319125,0.02325,0.142625,0.0395
260,44,2,6-variate,1.0,0.12575513137821334,0.08829047221795569,0.16744780087888644,0.09111611280693888,0.03541773974783424,1.0,0.05613996794739858,0.1042844952464221,0.06850777025642042,0.09108771236410398,1.0,0.05130390675472721,0.10653557611196311,0.14399746167394026,0.9999999999999998,-0.0038939936546756823,0.1571914761101321,0.9999999999999998,0.12538634636247706,0.9999999999999999,1.255721092224121,0.5659376978874207,0.6180835962295532,0.580579400062561,0.22759082913398743,0.5893477201461792,0.9999999999999998,0.05989863464417118,0.044752872585056,0.08390918549997979,0.056598935848911215,0.018015373661505792,1.0,0.026451779427511708,0.03167181867450457,0.041480813697996256,0.06877367930455305,1.0000000000000002,0.03391398216008686,0.03426225941670655,0.06309938799764851,1.0,0.0061166588847570355,0.05866032728122217,0.9999999999999998,0.06997971599932869,1.0000000000000002,1.0,0.41760789923150327,0.2543603517592766,0.9447914821155495,0.1932361758365922,0.180334358300083,1.0,0.1705365151823578,0.40656455868910346,0.19990365710090002,0.41775285082527935,1.0,0.17808720992741348,0.1225756681355224,0.39659887477334904,0.9999999999999999,-0.011519717758071008,0.23032147270162834,0.9999999999999999,0.3534276808782337,0.9999999999999999,1.2100672107821613,0.5137697711259452,0.5474015682231868,0.5734773188731402,0.23428735266654166,0.556920559364938,0.113625,0.29425,0.325,0.0295,0.1415,0.04075
261,44,3,6-variate,0.9999999999999998,0.1907400312628079,0.18211997497378019,0.20655076645163306,0.11738074031726128,0.11272759979729409,0.9999999999999999,0.10963869037505579,0.07809965607910854,0.051993452839085644,0.17737720055581083,1.0000000000000002,0.09565334712989504,0.06797882804384807,0.22540026832278096,1.0,0.024494155254799727,0.11813499481120077,1.0,0.11631332285865452,0.9999999999999998,1.3192237615585327,0.5863163471221924,0.633777916431427,0.5950086712837219,0.24360966682434082,0.5872289538383484,1.0,0.08702721482673015,0.08428636901032997,0.09112696775899028,0.060258325963801235,0.03989503986724103,1.0000000000000002,0.04223713291860953,0.03566389971265673,0.04074452365668717,0.07600881026433197,1.0,0.03397484580637184,0.03965340997158552,0.08364629254599923,0.9999999999999998,0.02619655151515318,0.070948001799773,1.0,0.07651634972253862,1.0,0.9999999999999999,0.6334100221316876,0.5246779761317933,1.1654222679953372,0.24893737015185577,0.5739684262155401,0.9999999999999999,0.3330496008962923,0.30448000008444887,0.1517151464214921,0.8134996914068451,1.0000000000000002,0.33203357899133457,0.07821376870268532,0.6207990873675501,1.0,0.07246165203151435,0.1730947418074344,1.0,0.32785333069740463,0.9999999999999999,1.276234647923119,0.5271135975047272,0.5617381505093709,0.5686025530766528,0.23957027090268304,0.5490355551744054,0.121,0.297,0.322875,0.0275,0.1445,0.0405
262,44,4,6-variate,0.9999999999999998,0.21302646901448677,0.20308691168511928,0.17548279427244579,0.13238569567308642,0.08561235664544395,1.0,0.13597435906739605,0.1253305278126305,0.09378047749072033,0.16144806819386284,0.9999999999999999,0.13157479157229884,0.1676304341221803,0.24538400159388118,1.0,0.1446890845617842,0.11546128477954704,0.9999999999999999,0.1488231673170065,1.0000000000000002,1.3738852739334106,0.5778743624687195,0.7105105519294739,0.5981262922286987,0.27131935954093933,0.6392907500267029,1.0,0.09165102741995121,0.09501092186958872,0.09100172701759053,0.05220686821263619,0.031213728639836607,1.0,0.04696987725859181,0.05938190112590644,0.051409531339290084,0.062017689434420854,1.0,0.039260985990090494,0.059382064531010186,0.1002689145128385,1.0000000000000002,0.04788183101964992,0.06785180469905527,0.9999999999999998,0.08449933999536911,1.0000000000000002,0.9999999999999999,0.7074187750418934,0.5850828947293657,0.9901270624431836,0.28075939122424054,0.43590723130492376,1.0,0.41304962540188,0.4886148167220774,0.2736485350858777,0.7404443338842982,0.9999999999999999,0.4567248803869431,0.1928690048581128,0.6758383725620125,1.0,0.42803777134501386,0.16917719986340496,0.9999999999999999,0.4194890492806848,1.0000000000000002,1.3213069819028553,0.5218988073788003,0.588413245344529,0.5756612222976472,0.24297899826455707,0.5763868675554445,0.128125,0.299125,0.32525,0.03275,0.14625,0.042875
263,44,5,6-variate,0.9999999999999998,0.17416783097114366,0.20114535171188555,0.20924291890907926,0.16520921507158623,0.1269850770092608,1.0,0.09861631128994916,0.1619059922727204,0.14325844204052568,0.14840051852216912,1.0,0.16828677600199607,0.16195296732952308,0.22623657799150507,1.0,0.06387967413519487,0.20502490009449817,0.9999999999999998,0.20595797877235478,1.0000000000000002,1.389017105102539,0.6002817153930664,0.7357317209243774,0.6278260350227356,0.27834179997444153,0.6904016137123108,1.0,0.08115536879747165,0.08665730026913399,0.08262936208458377,0.07981534907956266,0.04499495931835431,1.0,0.04280094527564102,0.06893497253266395,0.059651013557063176,0.06881608182001696,1.0,0.05513892548674457,0.07315100486339156,0.10604188161121172,0.9999999999999999,0.034453116672018606,0.09110765541682737,1.0,0.09194265702516771,1.0000000000000002,0.9999999999999999,0.5783771762497558,0.5794891467708404,1.1806121990529237,0.35037054324528527,0.6465623763384177,1.0,0.29956693748871077,0.6312080257037821,0.41802387020713105,0.6806047533515577,1.0,0.5841601955351985,0.18633673417499416,0.6231025728164286,1.0,0.1889770192801168,0.3004083571988803,0.9999999999999999,0.580535563847252,1.0000000000000002,1.3214620508936705,0.5325413599933934,0.5929120791689706,0.5888506272619293,0.24704117413805438,0.5967799048653818,0.125375,0.292,0.334375,0.02975,0.14625,0.0435
264,45,0,6-variate,1.0,-0.05104327746849523,0.03715331107181941,-0.027297728453448203,-0.00024548787357695363,-0.030065960972973142,1.0000000000000002,-0.06107908014889406,0.03380235798673149,-0.01456755399746899,-0.013090233457786442,1.0,-0.001861477330568128,-0.050309369408137634,-0.029206825117575105,1.0000000000000002,0.03551510331178431,0.023307086621788622,1.0000000000000002,-0.0002598176893143671,1.0,0.5083516240119934,0.4491877257823944,0.58925461769104,0.40602195262908936,0.3800961673259735,0.5980274081230164,0.9999999999999999,-0.007296724799154304,0.02292275536590452,-0.0033953919629366278,0.0005788355438246204,-0.012158679485788717,0.9999999999999999,-0.01214382386892026,-0.006839816464239565,-0.006073755119044161,-0.0016871290318160323,0.9999999999999999,0.009047360482405804,-0.017416616738616632,-0.010149542330570163,1.0000000000000002,0.01500284829369813,0.0035236915324890206,0.9999999999999999,0.0019292261689978288,1.0,1.0,-0.16950461782970866,0.10703680367429744,-0.1540218560688787,-0.0005206346719442099,-0.15308510259533312,1.0000000000000002,-0.18554011332466036,0.13178234186623408,-0.04250771048746784,-0.0600353049792726,1.0,-0.006461551477783889,-0.05788400596804375,-0.08044171441405557,1.0000000000000002,0.10506529768423471,0.03415020271483679,1.0000000000000002,-0.000732365768037738,1.0,0.5014339398133295,0.4335536254718095,0.5620678050664657,0.39935345175368997,0.36206819085428454,0.6021419599469546,0.08325,0.2875,0.310625,0.0305,0.1445,0.0445
265,45,1,6-variate,0.9999999999999998,0.06827557475380161,0.09920473813963365,0.11140161032097268,0.10051268613228109,0.083395175439059,1.0,0.022099792300873836,0.041661595991354196,-0.01833290109705952,0.08318463457020857,1.0000000000000002,0.020418965186400573,0.07243325430273219,0.10302260791277398,0.9999999999999998,0.1085845125794512,0.09157698602889715,0.9999999999999998,0.04683634629633327,1.0000000000000002,0.5870094895362854,0.5019006729125977,0.6609547734260559,0.41074255108833313,0.4016615152359009,0.6802729964256287,0.9999999999999999,0.025216473795787283,0.04327408792174549,0.041644558153578023,0.04032617414766594,0.046179384818589915,1.0,0.012598604530752783,0.02876255104228527,0.00550969094008886,0.029798830776376767,0.9999999999999998,0.017780622868721827,0.03451154867464723,0.04209106553903276,1.0,0.04092103322036835,0.050038478215845644,0.9999999999999999,0.025100847514381876,0.9999999999999998,0.9999999999999999,0.22672967145419579,0.2858036933394843,0.6285613776870922,0.21316408321395938,0.42461820281387486,1.0,0.06713251573928719,0.1624223035764887,-0.053494813251079645,0.38150723075589277,1.0000000000000002,0.07087877488611534,0.08333883740010617,0.2837455374513556,0.9999999999999999,0.32122846183474163,0.13418120278680318,0.9999999999999999,0.13201807926730466,1.0000000000000002,0.5383203081523472,0.4604429889063313,0.6110266682259985,0.40037642150485686,0.37596493067580794,0.6633637047343416,0.090375,0.2945,0.327125,0.029,0.146125,0.048625
266,45,2,6-variate,0.9999999999999998,0.1034375162857353,0.09601214571799875,0.08980405145661015,0.14074216259753958,0.14749679180234251,0.9999999999999999,0.05644480943514343,0.10202209087081125,0.04171327285701005,0.08838953318363107,1.0,0.04265811553687653,0.11840409730821692,0.14498078667241635,1.0000000000000002,0.09716649098696693,0.12829600574156674,0.9999999999999999,0.13554149297189244,1.0,0.6100251078605652,0.5147619843482971,0.6901969313621521,0.41744279861450195,0.41501495242118835,0.7416824698448181,1.0000000000000002,0.046902977177807136,0.04119397978801576,0.05399157514571426,0.07532830961530113,0.06982022698162187,1.0,0.021960348270823136,0.050866495999610066,0.03520888164531516,0.048050616770335036,1.0000000000000002,0.005997387244571825,0.050728997963446265,0.0693645230060091,1.0,0.03198963135651817,0.05740165301241593,1.0000000000000002,0.06682845265562225,1.0000000000000002,0.9999999999999999,0.3434956115759125,0.2766059341112048,0.506701573986129,0.2984815099906541,0.7510007129797329,0.9999999999999999,0.1714625326479725,0.39774421450641817,0.12171806549358873,0.40537841060507285,1.0,0.14807569928702652,0.13623114387563476,0.399307184443261,1.0000000000000002,0.2874502966334434,0.18798300267296797,0.9999999999999999,0.38205208515734934,1.0,0.5586102324877962,0.4765353002952471,0.6404337417147088,0.3973913513366506,0.38300738681891755,0.6973283362851683,0.0865,0.296875,0.31925,0.027375,0.152125,0.04675
267,45,3,6-variate,0.9999999999999998,0.08392541757277953,0.11285588595163261,0.1624108291174284,0.17008195750525,0.17876422641685963,1.0,0.10281823495339378,0.10779604919801761,0.10192066795245558,0.13319014726279046,1.0,0.076610353758931,0.15734442994081407,0.21974968807465858,1.0000000000000002,0.10078847972107394,0.1970118171193571,1.0,0.18741354333126647,1.0,0.6356547474861145,0.5402358770370483,0.7108821272850037,0.44058260321617126,0.42034292221069336,0.7659940719604492,1.0000000000000002,0.041562826058125064,0.054006989573938805,0.07294128704000574,0.07355090483471415,0.08385633334486395,1.0000000000000002,0.04484302946932312,0.05830715290651926,0.055625434812336734,0.06318388141216627,1.0,0.02590024305793857,0.06808264463724248,0.0974353722421687,0.9999999999999998,0.037972336042563656,0.08857016627837938,1.0000000000000002,0.08789546284076037,0.9999999999999999,0.9999999999999999,0.2786997793639862,0.3251318693862678,0.9163711626145529,0.36070455993519557,0.9102030880424198,1.0,0.3123310541324546,0.4202547743837639,0.29740137333401445,0.610846201211064,1.0,0.26593129456701603,0.18103426902462114,0.60523638427419,1.0000000000000002,0.2981654533410529,0.28866735846384406,1.0,0.528264113592781,1.0,0.5639652907757501,0.48760162492351206,0.6512620475477408,0.40943097447022214,0.38065069826392123,0.7188543025622578,0.097375,0.301875,0.323125,0.028875,0.15175,0.051
268,45,4,6-variate,1.0000000000000002,0.12839829753463677,0.1571570355671565,0.17496285765657538,0.20575247573821578,0.1518187352111152,1.0000000000000002,0.13441184932134456,0.16743221265312913,0.13127367856441463,0.1830648565080669,1.0,0.111084962201755,0.19234954167920557,0.25815767250811283,1.0000000000000002,0.07838427869298195,0.1840618271285174,1.0000000000000002,0.22677627123536512,1.0,0.6499027609825134,0.5771784782409668,0.7483274340629578,0.4159948527812958,0.4315469563007355,0.8151462078094482,0.9999999999999999,0.06248846485738847,0.06745082158023076,0.08947720966159288,0.08708656537114651,0.07049380382212281,1.0000000000000002,0.05285671237423613,0.08103705376874717,0.056421569205853395,0.09161261078769094,0.9999999999999998,0.05095542367299564,0.08953220711736666,0.1164258954271401,1.0,0.03655874431573683,0.0981561741695403,1.0,0.08479883620600126,1.0,1.0000000000000002,0.4263855015408342,0.4527611026019302,0.9871937576391113,0.4363534856397709,0.7730065955631028,1.0000000000000002,0.4083031510129997,0.6527528486783744,0.38305261396918944,0.8395846767523406,1.0,0.3856002679704843,0.22130987096823382,0.7110197198887668,1.0000000000000002,0.23188638861174235,0.26969264338915516,1.0000000000000002,0.6392160913588928,1.0,0.5838746173067549,0.4920939432438041,0.67245761464063,0.4113007210644669,0.3792402867333862,0.7470894643388213,0.095,0.298625,0.3275,0.027125,0.15175,0.05175
269,45,5,6-variate,1.0,0.11433270324671826,0.19668597909546934,0.11790633546133845,0.21013519401612288,0.18390749861218217,1.0,0.09521200054387682,0.1882276826866781,0.1984759843807904,0.22698285379320962,0.9999999999999999,0.0640860383799485,0.22313773549550336,0.25918143553097733,1.0,0.13926021744308598,0.23228485726880505,0.9999999999999999,0.23682225316970124,1.0000000000000002,0.6723198890686035,0.5550794005393982,0.7873651385307312,0.43617892265319824,0.4428255558013916,0.8897366523742676,0.9999999999999999,0.045985737248440885,0.0857083379278504,0.0815250620112447,0.08587225758182337,0.0889697178749655,1.0000000000000002,0.04524208310354361,0.08127436908851048,0.06937608715467788,0.09832825647871035,0.9999999999999998,0.030825332392378616,0.09018611701213673,0.11608641515689112,0.9999999999999999,0.04417863156930223,0.10580801428996892,0.9999999999999999,0.10110117797210305,1.0,1.0,0.37967631592186046,0.5666420715720012,0.6652633096787369,0.4456481885133069,0.9363908904073432,1.0,0.28922575826287467,0.7338263213320991,0.579146904837166,1.0410044789105917,0.9999999999999999,0.2224566068882678,0.2567335584606955,0.713839428131596,1.0,0.41197732270297,0.34035039234959386,0.9999999999999999,0.6675327881071961,1.0000000000000002,0.5881573576268694,0.4936833878123117,0.6963085848671469,0.39759670883346215,0.3891180003059497,0.7755188281675951,0.09975,0.289375,0.328125,0.02975,0.151625,0.052125
270,46,0,6-variate,0.9999999999999999,-0.003998113667230728,0.019062227311967498,-0.040995646672224675,0.016086729052389094,0.01750543052126915,1.0,-0.00792337121702759,0.02379641292578863,-0.01008448674599865,-0.029024523682601288,0.9999999999999999,-0.008962278741760423,-0.044220158923937006,-0.018017568831878782,1.0,-0.019157724601004223,0.028131066892418163,0.9999999999999998,0.03823142283018313,0.9999999999999999,0.7960187196731567,0.5476207137107849,0.5120120048522949,0.6307357549667358,0.2754282057285309,0.6171464920043945,0.9999999999999999,0.0023855143548917597,0.0069867631028268625,-0.012515912349559392,0.011593671785020588,0.012922528180004564,0.9999999999999999,-0.0006482989710418578,0.003267295173821062,-0.0035874023746691767,-0.014011178120949621,1.0000000000000002,0.0172633983703121,-0.018850830146793958,-0.012307365076812224,1.0000000000000002,0.008121398258779753,0.013592157097980648,1.0000000000000002,0.010379368252841949,1.0,0.9999999999999999,-0.013276931674375965,0.05491724147374242,-0.23130981457189193,0.03411615907458823,0.08913142878239427,1.0,-0.02406879295036611,0.09277286845662885,-0.029426202082742256,-0.13311439302297481,0.9999999999999999,-0.0311100323570708,-0.05087795248990279,-0.04962412143802172,1.0,-0.05667480917395578,0.041218466985250043,0.9999999999999999,0.1077633187021309,0.9999999999999999,0.7818437955056662,0.5422767903650586,0.5343025650107934,0.6415138819710301,0.27576400812775653,0.6136493056552645,0.08725,0.294875,0.316875,0.01975,0.152375,0.036375
271,46,1,6-variate,0.9999999999999999,0.061721527717271976,0.09862550026498121,0.10470858188644891,0.07372250813928008,0.029938490259616726,1.0,0.06682177193400701,0.08086630553742018,0.05780958325951557,0.040516175467461175,0.9999999999999999,0.030155908629407487,0.06721430151996702,0.06494928163666915,0.9999999999999998,0.06109574195284899,0.06683631192911915,0.9999999999999998,0.04921514414528526,1.0,0.9104970693588257,0.6257861852645874,0.6042062640190125,0.677527666091919,0.28913795948028564,0.6928728818893433,0.9999999999999998,0.029775257563631342,0.04138765756355513,0.052590659671923244,0.03192135287052596,0.019863321970768937,0.9999999999999999,0.04001361935548349,0.03893977910577143,0.011777579846445061,0.020719316647947073,1.0,0.020791626482943235,0.02886799924049053,0.034313637264080606,0.9999999999999998,0.03218963495807765,0.028610859536756857,1.0,0.030119684630356476,1.0000000000000002,0.9999999999999999,0.2049649703865781,0.28413499169485307,0.5907976342046185,0.15634834239066,0.15243609283431767,1.0,0.20298463397895136,0.31526609009421863,0.16868662400214848,0.18581820156656864,0.9999999999999999,0.10467781334373508,0.07733408864115007,0.17888383979384423,0.9999999999999999,0.1807412472972306,0.09793044710747625,0.9999999999999999,0.1387231010096689,1.0,0.8501422195164535,0.5837151022483258,0.5809101947205345,0.6648040730425524,0.28427365504575813,0.6653471465954425,0.100375,0.302,0.3205,0.023125,0.148625,0.04075
272,46,2,6-variate,1.0000000000000002,0.12418288028257181,0.1985337860424041,0.18874338197291177,0.1454957571526336,0.14648730029528376,0.9999999999999998,0.12745631876851,0.13508680982814342,0.10105043424490706,0.13313596677164358,1.0000000000000002,0.09637468754231947,0.10899710503081779,0.11826984290491563,1.0,0.17966431354570433,0.10924748168573174,1.0,0.1450636418855384,0.9999999999999999,0.9996371269226074,0.6590355038642883,0.6203792095184326,0.7251191735267639,0.2637716829776764,0.717008650302887,1.0000000000000002,0.06032564388153777,0.07974722918572538,0.08434073771955862,0.06978110546278736,0.07044105308623004,0.9999999999999999,0.04826826804450238,0.055516788834005806,0.03767006484559928,0.04945277110272829,1.0000000000000002,0.02378545539738427,0.02562933231070917,0.0573507420514373,0.9999999999999998,0.06727573577110361,0.05839920449331319,1.0,0.05653967790956242,1.0000000000000002,1.0000000000000002,0.41238694295254147,0.5719652296259481,1.0649474133850072,0.3085629105643118,0.7458606886178507,0.9999999999999999,0.3871742861573372,0.5266505735267558,0.2948621555260523,0.6105975023712615,1.0000000000000002,0.3345375239951785,0.12540779536719845,0.3257395228918749,1.0,0.5315058689325711,0.16007257018241286,1.0,0.4088920940988364,0.9999999999999999,0.9122896064278473,0.6127531010890848,0.5892017229353753,0.6930476473439302,0.29205438631932573,0.6819258320227721,0.105375,0.3025,0.33325,0.023375,0.153125,0.041375
273,46,3,6-variate,1.0,0.17498552597072045,0.22284025496526216,0.23029921061071545,0.25070911046850886,0.16591745575427833,1.0,0.13367694831019966,0.17851201104994122,0.14741960687747932,0.14630061719169843,0.9999999999999998,0.06652897708471114,0.16259642904664304,0.1417078920195821,1.0000000000000002,0.1483738879103588,0.10481046518592717,1.0000000000000002,0.15248690751945673,0.9999999999999998,1.104122281074524,0.7217187881469727,0.676072895526886,0.7317231893539429,0.3128085136413574,0.7836950421333313,1.0,0.08695897377161371,0.08833502921426484,0.09277279903824948,0.09777490034927909,0.07498098217891308,1.0000000000000002,0.05052694535380186,0.07644099690215034,0.051534682631217694,0.06100924890874442,0.9999999999999999,0.02474902071972008,0.039174984621173636,0.059363659757343465,1.0000000000000002,0.05864242510315921,0.05226740270908298,0.9999999999999998,0.06091862374317061,1.0,1.0,0.5810925283524552,0.6419909635487984,1.2994180038571599,0.5316960357238718,0.8447918942947824,1.0,0.40607070829989456,0.6959487548857721,0.43016589750295986,0.6709741448443184,0.9999999999999999,0.2309366712037422,0.18707707599714057,0.39029298146730335,1.0000000000000002,0.4389385902052088,0.15357132504672383,1.0000000000000002,0.4298159874444807,0.9999999999999999,0.9610001384524465,0.6257997566606532,0.6170290119762674,0.7022634649826003,0.2908016509294224,0.7179697310880032,0.10525,0.309875,0.33325,0.023125,0.150375,0.04075
274,46,4,6-variate,1.0,0.20660539565312572,0.21477274126848359,0.21554812755465746,0.24948227816581472,0.15753220631612103,0.9999999999999998,0.16491815950596464,0.20744391714595986,0.1430199252997259,0.21339022052148554,0.9999999999999999,0.1286900454826386,0.11275452216711103,0.18721753647849906,1.0000000000000002,0.15074712824706676,0.14236480551819725,1.0000000000000002,0.17926966847636425,0.9999999999999998,1.1197984218597412,0.7349333763122559,0.728204607963562,0.7643858790397644,0.3041171133518219,0.7941497564315796,0.9999999999999999,0.09231889662879088,0.10786173855268326,0.10875736257340717,0.10976841441382784,0.06646712851565452,1.0,0.07374909194070638,0.08612658776510031,0.06734101884389639,0.09353195845172801,0.9999999999999998,0.06447726270061761,0.05578336420811236,0.09285097771504382,0.9999999999999999,0.06749311806049321,0.054701884484534787,0.9999999999999998,0.06324417853388004,1.0,1.0,0.6860957134299859,0.618749122930602,1.2161878278729368,0.5290942616791632,0.8020975416780609,0.9999999999999999,0.500972355926803,0.8087427170544782,0.41732780580881024,0.9786648281576094,0.9999999999999999,0.446711373346043,0.12973087755123364,0.5156358167669595,1.0000000000000002,0.4459593661468263,0.20859706158905875,1.0000000000000002,0.505309076728273,0.9999999999999999,0.9805587266444268,0.6263873767493338,0.6425402088691541,0.7138407224269997,0.2943948868144171,0.7294762936595145,0.106625,0.30625,0.3385,0.018875,0.15125,0.046625
275,46,5,6-variate,0.9999999999999998,0.27192212181050157,0.24300338904677257,0.22361582074517591,0.23935212330861352,0.19274293556908154,0.9999999999999999,0.2148519628826324,0.19261285890167112,0.19782434241754818,0.24273562432683082,1.0000000000000002,0.16825157513651787,0.1942680087406248,0.28198418572561307,1.0,0.14475099818285173,0.16521924090280676,1.0000000000000002,0.15176263536803264,1.0000000000000002,1.149972677230835,0.7247302532196045,0.7628464698791504,0.7640482783317566,0.31535518169403076,0.861844003200531,1.0000000000000002,0.11279833673763856,0.10885424814601179,0.09770539221627264,0.0914089292999579,0.08559431855012696,1.0,0.08633021236900978,0.08434175369272265,0.0634642087680644,0.11094443576134169,0.9999999999999998,0.06338560060794705,0.08837343761228596,0.1218880427599355,0.9999999999999998,0.05810168840015886,0.07504002890604004,1.0000000000000002,0.07072555418876252,1.0,0.9999999999999999,0.9029998408383944,0.7000799550307822,1.2617080218485226,0.5076105965781053,0.9813777601197939,0.9999999999999999,0.6526564928612636,0.7509222922516646,0.5772455697736761,1.1132508743258982,1.0000000000000002,0.584038187522734,0.22351717125564005,0.7766430327286394,1.0,0.4282208949410545,0.24208391118122757,1.0000000000000002,0.4277746027537125,1.0000000000000002,0.9965529891846827,0.637567448128367,0.6655083042310873,0.7173180143283343,0.2959781927672083,0.7415862051081171,0.109125,0.3085,0.339125,0.0255,0.157375,0.04325
276,47,0,6-variate,1.0,-0.040433812831894886,-0.0029690046206928126,0.0044738042934137755,-0.02013202365615955,-0.01396668135248075,1.0000000000000002,-0.03234141864744688,0.04132284614843669,0.04235020113319738,0.0043131155255287275,0.9999999999999998,-0.014761439241940087,0.006490999464800263,0.019737697471297194,1.0,-0.027159309011910267,0.03478854479783712,1.0,-0.04654943071995038,1.0000000000000002,0.9347206354141235,0.3454979658126831,0.5442377924919128,0.3516741394996643,0.2675599753856659,0.39387398958206177,0.9999999999999998,-0.011839332714567028,-0.012843221470959433,0.0004798428114907287,-0.0023466328400477843,-0.008459444213871441,0.9999999999999998,-0.006344548058402016,0.0002422391310789828,0.01980659105737668,0.004601207205299683,1.0,0.0016588338783912469,-0.012244238759424177,0.009372938936352028,1.0,-0.028853838741501853,-0.0008316743626213129,1.0,-0.011642321720522418,0.9999999999999998,1.0,-0.13427271722227585,-0.008553478281150457,0.025242473810502822,-0.042695370071070396,-0.07111335337302338,1.0000000000000002,-0.09824360043841665,0.1611015926131477,0.12357668333583856,0.01978093760424002,0.9999999999999999,-0.0512402523387602,0.007468298603942447,0.05436166260703529,1.0,-0.08034615607435444,0.050973190797327844,1.0,-0.13120917055499892,1.0000000000000002,0.921079978697164,0.3511669038576002,0.5420614380724471,0.3524927951866183,0.2814922174681087,0.38269396015623364,0.095375,0.29125,0.319125,0.023625,0.134125,0.035875
277,47,1,6-variate,1.0,0.06241748246168353,0.06893571988138555,0.08348857919227413,0.06917567360350652,0.06137618290709994,1.0000000000000002,0.04665119974490043,0.060090008495060895,0.04857942151514536,0.10265851071097785,1.0,0.02707887757497708,0.059869398052822494,0.015484981289480405,0.9999999999999998,0.037677035368909574,0.1026150462117678,1.0000000000000002,0.03065845975173854,0.9999999999999998,1.1032278537750244,0.37175455689430237,0.6088494658470154,0.35898882150650024,0.2899130582809448,0.4374188482761383,1.0,0.034975288253450476,0.032032678713628956,0.02874176969090902,0.036708924738326335,0.027252297661517308,1.0,0.01983902088358734,0.039505625516735955,0.02306574249907499,0.034368696259120764,1.0,0.009906060014687275,0.02649808076192731,0.013305240341891945,0.9999999999999998,0.005385288560674714,0.03442469567281899,1.0,0.018134727515967765,0.9999999999999999,1.0,0.2072760707205237,0.19860014897148484,0.47106762153322673,0.14670560464374297,0.31250535682214764,1.0000000000000002,0.1417124810516519,0.23426756822760397,0.14175314665752142,0.4708196995749415,1.0,0.0939967232494241,0.06888338197278615,0.04264880534943036,0.9999999999999999,0.11146099908749002,0.1503545605369411,1.0000000000000002,0.08641723342040401,0.9999999999999999,1.0976599990970568,0.36771189003552274,0.5825732082249826,0.3508546564190725,0.28287475366989323,0.4050697405386006,0.119875,0.2915,0.312625,0.023625,0.14075,0.039875
278,47,2,6-variate,1.0,0.15863383586890878,0.11361060972096608,0.12776221510721295,0.15834826964199172,0.129084528044966,1.0000000000000002,0.033753832153220024,0.12812317657489966,0.05590300113564426,0.14816681300427592,1.0000000000000002,0.04643517377348922,0.10078838195871463,0.04063151863782004,0.9999999999999999,0.0068603220933878845,0.08375250947314795,1.0000000000000002,0.14982095038720353,0.9999999999999999,1.2434419393539429,0.4330025315284729,0.6920890212059021,0.3846341371536255,0.2864495515823364,0.4553530812263489,0.9999999999999999,0.07325318043192076,0.0593253748410718,0.06256399954782106,0.05447979645491591,0.06422511814046995,1.0,0.024956535709282517,0.05917896376671564,0.03208324822126547,0.05564062319285783,1.0,0.014763537144676623,0.05725022042909519,0.02477356872236809,1.0,0.018723759174677,0.0403162539048095,1.0000000000000002,0.04223214601146191,1.0000000000000002,1.0,0.5267917473142129,0.32730617472323764,0.7208731722646174,0.3358200358756848,0.6572519256829619,1.0000000000000002,0.1025340543166314,0.49950221388543914,0.16312309263321892,0.6795330228825119,1.0000000000000002,0.1611866602224563,0.1159631508308802,0.11190754713011714,0.9999999999999999,0.020295018925228107,0.12271656319031249,1.0000000000000002,0.42230158822077324,0.9999999999999999,1.1885190475127805,0.38708466000640185,0.6253841393594951,0.3632213109752506,0.2875772395211389,0.4200119367488714,0.121375,0.28925,0.325,0.02425,0.136125,0.036125
279,47,3,6-variate,1.0000000000000002,0.20472584971887467,0.18603018975586474,0.09465541957164987,0.14157943721629393,0.17721799918540995,1.0,0.09329647221123803,0.0876395495699298,0.08040573529262121,0.14575107652078984,0.9999999999999999,0.048225312946891356,0.1340184166215136,0.13814142575191843,0.9999999999999998,0.13237694178490353,0.10447612317331642,1.0000000000000002,0.12117906890502958,1.0,1.3822014331817627,0.41702523827552795,0.7225221395492554,0.39168256521224976,0.29474925994873047,0.4541614055633545,1.0,0.11622628919884506,0.07953296671709177,0.06959401661680321,0.07248938101503691,0.0856066103826726,1.0000000000000002,0.03686216683033097,0.04648354385108009,0.0396517394485412,0.06869999565769895,1.0,0.012930316072933214,0.06581995142323663,0.04223583693847427,1.0000000000000002,0.038972735666574956,0.06385431967726256,1.0000000000000002,0.05592430389529221,0.9999999999999998,1.0000000000000002,0.6798542318293419,0.5359433700064364,0.5340745323008226,0.3002572701902273,0.902330363393032,1.0,0.2834069472860677,0.34167254688108717,0.2346214977653742,0.6684539599357454,0.9999999999999999,0.16740055337657705,0.15419635399549536,0.3804702089371221,0.9999999999999999,0.3916142421345579,0.15308135695228728,1.0000000000000002,0.3415685069537588,1.0,1.2616025193073237,0.3904782316202921,0.6437728998687513,0.3676983183307397,0.2967114099430009,0.4192824484825498,0.130125,0.297625,0.324125,0.025875,0.142375,0.03975
280,47,4,6-variate,1.0000000000000002,0.22078102683559583,0.20970862738841864,0.20474321295555287,0.14213194340044355,0.18981681577726064,0.9999999999999999,0.12501547852014067,0.12843733417217135,0.11071524440652462,0.16050484677072485,1.0,0.15354373431927892,0.15681996872623022,0.12060909370111456,1.0,0.09459382943990607,0.14184297443352875,1.0,0.09939349476442974,0.9999999999999998,1.439107060432434,0.447037935256958,0.733933687210083,0.4158758819103241,0.3074200451374054,0.4805108904838562,1.0,0.10928296008546541,0.09822957695952701,0.08738622729166196,0.06321664336123804,0.10284698287899124,1.0000000000000002,0.041118450168666956,0.046830237212743896,0.038488047412757354,0.08385137635462088,0.9999999999999998,0.04016972903462082,0.07988131879617992,0.05757866573091629,1.0,0.021840577979743356,0.08131996634726903,1.0000000000000002,0.04532466704916902,0.9999999999999999,1.0000000000000002,0.7331703665111706,0.6041595390119255,1.1552235304417928,0.30142896062207253,0.9664789184875453,0.9999999999999999,0.3797598551377604,0.500727025314285,0.3230636384390376,0.7361185781208474,1.0,0.5329838848109758,0.18043088919542913,0.3321824240334335,1.0,0.27983949056051194,0.2078323896762752,1.0,0.2801612978208833,0.9999999999999999,1.3322409514975309,0.4051573461590482,0.6622309343695948,0.38302258921809074,0.29889715213429574,0.4353158871171618,0.1365,0.296375,0.329375,0.0265,0.137375,0.041125
281,47,5,6-variate,1.0,0.273586938849051,0.21876142351497557,0.2190797810736192,0.15232491715487875,0.22982714352327566,1.0000000000000002,0.1733867999284757,0.18474465111925947,0.105316889296882,0.14632516323345743,0.9999999999999999,0.02173155642611313,0.20273666791054565,0.2006724147428496,0.9999999999999999,0.1105761209939659,0.21978359287353733,1.0,0.1444095820100826,1.0,1.523875117301941,0.44551655650138855,0.7426863312721252,0.41522806882858276,0.327971488237381,0.4976729452610016,0.9999999999999999,0.12726939256626857,0.10401745738601254,0.10386562121627806,0.06958893259207237,0.10181409317884015,1.0000000000000002,0.0781912869017897,0.06791405528239315,0.0413521841143053,0.07607986698580696,0.9999999999999999,0.020617088532626268,0.08899435444609292,0.08646709026296406,0.9999999999999998,0.02188059602025564,0.08890877274017422,1.0,0.06925144217546488,1.0,1.0,0.9085282013897843,0.6302400512494946,1.2361146848698872,0.32304599477816,1.1701972197303372,1.0000000000000002,0.5266974385986299,0.7202470887708012,0.3073115467443927,0.6710865744852598,0.9999999999999999,0.07543497543235299,0.2332608783394149,0.5526933825027507,0.9999999999999999,0.32712043278453223,0.3220332406825739,1.0,0.4070484640962403,1.0,1.3820220911988392,0.41073619397676686,0.6575850627031617,0.3787162763937114,0.30415427577022963,0.44652723220900736,0.143625,0.3015,0.326125,0.02425,0.140625,0.0385
282,48,0,6-variate,0.9999999999999999,-0.0046501517848185825,0.030857631099724794,0.016275132304255063,0.010503070699766378,0.016696252570956558,1.0,0.009055878119413201,-0.023437451104398804,-0.06733035277672038,0.012836926202490627,0.9999999999999998,-0.021479301745603377,0.009465269376977706,0.01250432858235078,1.0000000000000002,0.03432899546615038,-0.013412536913690673,0.9999999999999998,-0.004409330196227114,1.0,0.9040948748588562,0.546104907989502,0.5370126366615295,0.6035043597221375,0.20836979150772095,0.5622217059135437,1.0,-0.002791400460273832,0.01444086284959217,0.011006638538402745,0.011539422948204706,0.0075491534860428495,1.0000000000000002,0.0053231888997928795,-0.009186447654390728,-0.005150586630661144,-0.0015175603376791145,1.0,0.0019415656341589644,0.008702750669754082,0.002342284487355826,1.0000000000000004,-0.007447570094925438,0.003701393079351725,0.9999999999999998,-0.014914928050710999,0.9999999999999999,0.9999999999999999,-0.0154422027668902,0.08889918951451463,0.09182912655345737,0.022274610935238654,0.0850112712476826,1.0,0.02750910137393762,-0.09137355451210466,-0.19646796024045854,0.058873383296395645,0.9999999999999999,-0.07455938443170046,0.010890348600299178,0.03443945364845498,1.0000000000000002,0.10155644815695447,-0.019652520008939738,0.9999999999999999,-0.012428641588524851,1.0,0.9336355369128841,0.5440041519735238,0.527990947578059,0.6167590947694399,0.2103629906839088,0.586897635267816,0.0865,0.30225,0.311375,0.027,0.1515,0.038375
283,48,1,6-variate,1.0,0.06146728499311784,0.1304917454038494,0.12919977593722398,0.05825295139155773,0.051439141272018624,1.0,0.04366140492903967,0.024607313082971517,0.0109223225470616,0.05397532373612231,1.0000000000000002,0.06575186964058953,0.06372379251163122,0.11273784421515919,0.9999999999999998,0.02806765181022194,0.06512370791063235,1.0,0.0025647879279694272,0.9999999999999998,1.1156271696090698,0.6088883280754089,0.6225568652153015,0.6191850900650024,0.23283067345619202,0.6446217894554138,1.0000000000000002,0.03655929148689025,0.0620947461117271,0.06582634048860195,0.036019981757720615,0.022536713971455586,1.0000000000000002,0.01959549370241519,0.023454975267728165,0.01723924632875049,0.034515420010676146,1.0,0.03322377968633856,0.016160143334323872,0.05496176988277707,1.0,0.012020444074780002,0.03001390927849416,0.9999999999999999,0.01302312206541391,1.0000000000000002,1.0,0.204120759633092,0.3759399409702498,0.7289842253691644,0.12354110307743077,0.26190959883385106,1.0,0.13263038546405595,0.09593434811998518,0.031871013256421395,0.24754538560384787,1.0000000000000002,0.2282391816506489,0.073318113996607,0.310503437385506,0.9999999999999999,0.08303342791223482,0.09542117434193784,1.0,0.007229394996887887,0.9999999999999999,1.0926435962816214,0.5881554088280402,0.573490229157507,0.6295949421397852,0.21184539131121485,0.6453038553146696,0.10325,0.30575,0.317875,0.02725,0.14775,0.039375
284,48,2,6-variate,0.9999999999999998,0.186252732215437,0.16534879314530418,0.2094305493260639,0.10650462892611481,0.10509602954800769,0.9999999999999998,0.13220955949001037,0.11821443224056634,0.10486997048233443,0.11074838290168082,1.0,0.10693296343739138,0.14775782258236433,0.18597485637684122,1.0,0.1120358332726743,0.11696317460393586,0.9999999999999998,0.07326395550197137,0.9999999999999999,1.226384162902832,0.672575056552887,0.6700240969657898,0.6654686331748962,0.22213809192180634,0.7642813920974731,0.9999999999999998,0.09066056462324394,0.07468738442466266,0.10455105297901823,0.067888651256324,0.05062878963339487,0.9999999999999998,0.04279105343708362,0.05822096207679884,0.03515755447043677,0.0487740027309504,1.0000000000000002,0.04264680747119011,0.055530094768011094,0.0939861012269451,0.9999999999999998,0.02693157965995245,0.0528819651464036,1.0000000000000002,0.024485356163449306,1.0000000000000002,0.9999999999999999,0.6185084781026013,0.47636131453772357,1.181670686713679,0.22587173715904635,0.5351115266050354,0.9999999999999999,0.4016133180942581,0.46087189059704564,0.3060075068100359,0.507921996070451,1.0,0.3711878470678935,0.1700044016480246,0.5122133259696103,1.0,0.3314387372742709,0.17137780951369222,0.9999999999999999,0.2065097463059878,0.9999999999999999,1.1611337731728526,0.6197228686014182,0.5984325963955613,0.6486675787105014,0.2138782126821166,0.717000480134675,0.11025,0.3085,0.315375,0.0255,0.140625,0.04775
285,48,3,6-variate,1.0,0.17543387446374417,0.22376605154991322,0.2598635595217628,0.16847602579179186,0.15287269163824446,1.0,0.10240793524767824,0.14118075451918344,0.14219324374692446,0.20059856610764498,1.0000000000000002,0.14384759100606928,0.16102764966206798,0.22040448976172827,0.9999999999999999,0.061416957818797795,0.20532832074805668,1.0,0.1110917383873595,0.9999999999999999,1.3044854402542114,0.6979848742485046,0.7036154866218567,0.6918601393699646,0.2235836684703827,0.811949610710144,1.0000000000000002,0.08450304269073093,0.09872024055650841,0.11546921498669163,0.08289744026513095,0.06204213273995056,1.0000000000000002,0.05891831997203717,0.06740589985897112,0.047850164670277875,0.07681096856840419,0.9999999999999999,0.04464849537815269,0.08107275445177978,0.10661100949674558,0.9999999999999998,0.03768404740654136,0.08011037305841909,0.9999999999999998,0.0411537961104451,0.9999999999999999,1.0,0.5825813462572361,0.6446581945042076,1.466228762784131,0.357298690043081,0.7783728065595074,1.0,0.31108479543642653,0.5504086093207611,0.4149154915514772,0.9199990223708199,1.0000000000000002,0.49932657541682707,0.18527212156056327,0.607039731375358,0.9999999999999999,0.18169154171019164,0.3008529669636695,1.0,0.3131351578226215,0.9999999999999999,1.2349853172297598,0.6405770592199399,0.6251693104298383,0.661216875429906,0.21494785930537574,0.7381124000919518,0.111125,0.3125,0.323375,0.02675,0.14475,0.050625
286,48,4,6-variate,1.0,0.2213167559679715,0.2425260361956296,0.2578003390485321,0.18493186785530633,0.1852662517665032,1.0000000000000002,0.1467526748354602,0.19060128226202389,0.11436446150714911,0.22159668598659127,0.9999999999999999,0.12622088828624847,0.2290072547112424,0.248592128211616,1.0000000000000002,0.12133487786997661,0.22554663412330997,1.0000000000000002,0.15295039883560269,1.0000000000000002,1.4181052446365356,0.7274510264396667,0.762817919254303,0.7224531769752502,0.2197052538394928,0.8649959564208984,1.0000000000000002,0.10070527302311495,0.10606028199766719,0.12766830284363376,0.09971099060958773,0.08437251494967031,1.0,0.05988988861101873,0.07291136954026889,0.06286217709405655,0.10258908600673958,1.0,0.042753653366794875,0.09370823362061843,0.11805680673498312,1.0000000000000002,0.049857819979154644,0.09341838999897292,1.0,0.061098883899464274,1.0,1.0,0.7349491964638272,0.6987049006678852,1.4545880447914314,0.3921977577053377,0.9433093101697588,1.0000000000000002,0.44579087166555625,0.7430799407601949,0.3337120584566112,1.0163021669356003,0.9999999999999999,0.43814035232097787,0.2634867052774828,0.6846745321542683,1.0000000000000002,0.35894829875440915,0.33047738980724267,1.0000000000000002,0.43112251334616497,1.0000000000000002,1.3183542916625186,0.6418888931591441,0.647749941108573,0.6670182450227299,0.21883703630388526,0.7656975517034685,0.1205,0.310875,0.320125,0.026375,0.143125,0.050375
287,48,5,6-variate,0.9999999999999999,0.24667113913735544,0.2402216851202572,0.3214003756717545,0.23767901602541622,0.2003063740428008,1.0,0.2214532647551091,0.21527595562924332,0.20937023039217842,0.2864575402393568,1.0000000000000002,0.1732336219169764,0.20202412266707573,0.2997120949578092,0.9999999999999999,0.14274959262939974,0.18973682042727202,1.0,0.1429609177490248,1.0,1.4695730209350586,0.7555283308029175,0.7782573699951172,0.7624635696411133,0.25754356384277344,0.8387763500213623,1.0,0.10990775026892798,0.12105461327247137,0.1356123005264329,0.09183692437797565,0.09316348839894854,1.0,0.09055514491374113,0.09241925997971073,0.06896747898709198,0.12832517541412097,0.9999999999999999,0.06353336599660912,0.1011981139985,0.14260179479566512,0.9999999999999998,0.06243363914235107,0.07744353083497828,1.0,0.0618650314853573,1.0000000000000002,0.9999999999999999,0.8191463873398295,0.6920661835469492,1.8134382523614088,0.5040623215426085,1.019888275698207,1.0,0.6727089785888123,0.8392771591720816,0.6109361322529967,1.3137720782318794,1.0000000000000002,0.6013318297058488,0.23244107264644664,0.8254691687295656,0.9999999999999999,0.4223000868081282,0.27800782489553466,1.0,0.4029651732684173,1.0,1.349829286509376,0.6463840728475929,0.6581517076431853,0.6816370214883529,0.22348689465152466,0.7465796990223266,0.12975,0.311375,0.320375,0.03075,0.14175,0.049125
288,49,0,6-variate,1.0000000000000002,0.0011633556617405615,-0.012841061108642682,0.0011604657881487798,-0.04225362950137445,0.004169069042427461,0.9999999999999998,0.02441595325828806,0.026637572993638566,-0.02350230433222191,-0.01809293073230007,1.0,0.038200032546897494,0.01172602589501933,-0.04176655794613905,1.0,-0.006377103094942175,0.03058711744670949,1.0000000000000002,-0.0119112325785637,1.0000000000000002,0.9139059782028198,0.4781917929649353,0.7099412679672241,0.4914551079273224,0.3058896064758301,0.5427449345588684,1.0,-0.009703279824600355,-0.0059209212500384335,-0.0027124255846560094,-0.007760398426506695,0.0014543534841743135,0.9999999999999998,0.013938573431575382,0.010076483768290477,-0.0010093054497246471,-0.019160469513473465,1.0000000000000002,0.012720058762571807,0.011124262768939703,-0.011127200958616261,1.0,-0.011845333366890204,0.01381454567049508,1.0000000000000002,-0.004700354872110152,1.0000000000000002,1.0000000000000002,0.003863242528028206,-0.03699442837123149,0.006547711256759772,-0.08961023651130733,0.021227322174569338,0.9999999999999999,0.07416843510745567,0.10384959593639843,-0.06857904700366606,-0.08297912575587273,1.0,0.13260070229630286,0.013491487232310764,-0.11503383742091526,1.0,-0.018865550197484184,0.04481714716870154,1.0000000000000002,-0.03357424525400871,1.0000000000000002,0.9488041340687999,0.47597237302380047,0.6828057916044964,0.48696867559040946,0.3127514133104909,0.5456583537517886,0.09475,0.292125,0.31125,0.02375,0.145,0.044125
289,49,1,6-variate,0.9999999999999998,0.09851695970336086,0.08679173134301676,0.0725323671084505,0.09954967452330404,0.09426097626093836,0.9999999999999998,0.08057463985549188,0.0975505458548398,0.004994345278162972,0.05948081572113116,1.0,0.06603056121770741,0.0971943678161986,0.1057234973620654,0.9999999999999998,0.00722105818159479,0.1003118566536159,1.0,0.010355307372953062,1.0,1.1135021448135376,0.5381003022193909,0.8367383480072021,0.5362929105758667,0.3274887502193451,0.6240527033805847,1.0,0.05154425866351506,0.04298392637955664,0.033430845818532014,0.04518204267917532,0.03900260464459239,1.0,0.02875352137839545,0.04442589643964724,0.022190501015997795,0.02273724432339637,1.0000000000000002,0.028037742124694908,0.050221394786634635,0.04482542916001927,1.0,0.007565383085017018,0.05229509916325663,1.0,0.019980200270013352,0.9999999999999998,0.9999999999999999,0.32715542358707345,0.25004234696077154,0.409249671162445,0.2111217903314468,0.47994292467159766,0.9999999999999999,0.24476181659660656,0.38031130775439387,0.014573318966759995,0.2727949681652972,1.0,0.22920644458851921,0.11182799595116046,0.29118438217670645,0.9999999999999999,0.021362124730027857,0.14697983442197776,1.0,0.029188515543869784,1.0,1.1492764993832816,0.5017209505556328,0.7689337289467715,0.5172377954884924,0.33293718393532257,0.587413899786301,0.121875,0.289,0.31675,0.02375,0.1415,0.0445
290,49,2,6-variate,0.9999999999999998,0.16268218135879087,0.15534811273124224,0.08159412767421391,0.12019338792223928,0.13389066162678198,1.0,0.10004090493044746,0.14491847386078383,0.07447787309158951,0.10660025541255891,0.9999999999999999,0.04751479073709393,0.18400123491994913,0.15796378310762907,0.9999999999999998,0.10470284087436388,0.10886845459030553,1.0000000000000002,0.10440008295074153,1.0,1.3309130668640137,0.5814411044120789,0.9077243208885193,0.5675240159034729,0.3670464754104614,0.6663076877593994,0.9999999999999999,0.07329138172130395,0.07834106885092375,0.04344726879041439,0.06689619250226107,0.06488227887289318,1.0000000000000002,0.03972896103958123,0.05149732009654379,0.029604219114565032,0.04471956124050617,1.0,0.040349357754425996,0.07649553605467893,0.084265227500417,1.0,0.03079785436540488,0.052211505012887745,1.0,0.03876577725883548,1.0000000000000002,0.9999999999999999,0.5402352679946049,0.44754982197300575,0.4603788186148481,0.2549023789138843,0.681722728644707,1.0,0.30389461834253007,0.5649805674515447,0.21732429324090735,0.488897563035614,0.9999999999999999,0.16493427804281005,0.2117046063712291,0.4350650997987999,0.9999999999999999,0.3097454080427536,0.15951712528529166,1.0000000000000002,0.2942732973361548,1.0,1.3139240688446985,0.5343242427864173,0.8083488469599897,0.5273084417140491,0.349901088445707,0.6096048967725194,0.136375,0.294125,0.32325,0.02425,0.14725,0.052125
291,49,3,6-variate,1.0,0.1812604973318482,0.20474766067035743,0.11482316468805427,0.2173671462309508,0.15608646288385414,0.9999999999999999,0.14729747819275807,0.147951543525747,0.14983272069183334,0.15666962584694294,1.0,0.09785818753551369,0.1824820307783029,0.2469185610881358,0.9999999999999999,0.12462317692655413,0.10326607277303834,1.0,0.14473617097934904,1.0,1.4067559242248535,0.6352801322937012,0.9513723850250244,0.5692383646965027,0.3799651265144348,0.6570199728012085,0.9999999999999999,0.08177729879333796,0.09835271018848364,0.04476327157736698,0.09940939606631179,0.07061023672722214,1.0,0.05695888791231609,0.0729790824839101,0.061361262459372415,0.06286156210978647,0.9999999999999999,0.03931706119116712,0.09493928159127227,0.11618588114704444,1.0000000000000002,0.05011685227231176,0.061971203781508354,1.0,0.0640383210226301,0.9999999999999999,1.0,0.601930359696621,0.5898673324002556,0.64786707796768,0.46098553122773617,0.7947361747796797,0.9999999999999999,0.44744596877594445,0.5768052223322688,0.43720733620609,0.7185293248887787,1.0,0.33968712665530376,0.20995672668372178,0.6800650843049997,0.9999999999999999,0.3686760929977063,0.15130839035628962,1.0,0.407968923035762,1.0,1.386475014756636,0.5555989290949958,0.8447713544465796,0.5288946258954245,0.3517561362294304,0.6050990553761175,0.147125,0.303625,0.3225,0.030125,0.140625,0.047
292,49,4,6-variate,1.0,0.2061676115684633,0.26279701894793017,0.17348441223992114,0.2590462043477682,0.20891344975221748,0.9999999999999999,0.13934894482015064,0.19827987710757675,0.130650639596014,0.20845846774179988,1.0,0.1561178826070797,0.2833328287799202,0.25125734350507195,1.0000000000000004,0.1499684512521464,0.18429577105585118,1.0,0.21372243125778267,1.0,1.4835708141326904,0.6371646523475647,1.0205391645431519,0.5906439423561096,0.41777265071868896,0.7492077350616455,0.9999999999999998,0.08956392740861643,0.1088295809447746,0.06923513289324514,0.10445131407251063,0.09374857424889918,0.9999999999999998,0.04568686850364438,0.08341022751897836,0.05321219080523767,0.08018367576480756,0.9999999999999999,0.0572929834913104,0.12216244356066315,0.11023292371821442,1.0,0.06875098293871787,0.08731365477115385,0.9999999999999998,0.08257591603835114,0.9999999999999998,1.0,0.6846419224845011,0.7571043190259031,0.9788514081348284,0.5493771390811063,1.0637120630637915,0.9999999999999999,0.4233005200257903,0.773015829753311,0.38123464728740153,0.9560470335361909,1.0,0.5419194117286515,0.3259916698184839,0.6920148821572506,1.0000000000000002,0.4436556958821988,0.2700354434806277,1.0,0.602421157304665,1.0,1.412294717937255,0.560745154398874,0.8729792605629445,0.5284725703437877,0.36760540984896695,0.646760490515264,0.145375,0.304375,0.32675,0.02525,0.1455,0.052875
293,49,5,6-variate,0.9999999999999998,0.2299804569032379,0.2823764888361584,0.1471733585488235,0.2863927742538508,0.1913119856216582,0.9999999999999998,0.103162125392823,0.14029152806801046,0.17757098379486685,0.22313162779784948,1.0000000000000002,0.15324207331195652,0.21882864733003263,0.23034639884134364,1.0,0.10816572462381076,0.18417362367042364,1.0,0.15871149355637654,1.0,1.5251275300979614,0.6774296760559082,1.038319706916809,0.5771052241325378,0.38280948996543884,0.746099591255188,1.0000000000000002,0.09878318722186014,0.1329877146335844,0.06896762813701113,0.11030011473687175,0.07931517915659794,0.9999999999999999,0.0366839028344321,0.07340190222883053,0.08019076495018472,0.09482888132362036,1.0,0.06347527827333226,0.09969775672203188,0.12051670342944806,1.0,0.04219838227854129,0.09129483889643554,1.0,0.06058683576664087,1.0,0.9999999999999999,0.7637198332417519,0.8135120913590008,0.8303966420047282,0.607372977330297,0.9740919483668024,0.9999999999999999,0.31337571943299297,0.5469419556774238,0.5181467042532836,1.023341910808276,1.0000000000000002,0.5319369805573403,0.2517756071498967,0.6344217100230745,1.0,0.3199895844373795,0.26985643635861867,1.0,0.44736156431825563,1.0,1.4761899900998265,0.5819245459309728,0.8800842851780071,0.5272841155222655,0.35900610691880613,0.6590857438214963,0.14875,0.298375,0.327375,0.02575,0.147125,0.053375
